Year,Fips,Area,AgeGroup,Tot,TotM,TotF,AngT,AngM,AngF,BlkT,BlkM,BlkF,HispT,HispM,HispF,OthT,OthM,OthF
1990,0,TEXAS,  00,294083,150264,143819,145391,74827,70564,40116,20317,19799,102643,51999,50644,5933,3121,2812
1990,0,TEXAS,  01,282890,144746,138144,142036,72995,69041,38342,19394,18948,96415,49267,47148,6097,3090,3007
1990,0,TEXAS,  02,281069,143995,137074,141800,72902,68898,37779,19198,18581,95597,48936,46661,5893,2959,2934
1990,0,TEXAS,  03,278389,142478,135911,141889,72757,69132,36869,18573,18296,93953,48259,45694,5678,2889,2789
1990,0,TEXAS,  04,283667,145045,138622,145714,74755,70959,37073,18706,18367,95082,48677,46405,5798,2907,2891
1990,0,TEXAS,  05,279607,142394,137213,144463,73867,70596,36599,18564,18035,92619,46922,45697,5926,3041,2885
1990,0,TEXAS,  06,275849,140960,134889,142477,73155,69322,35647,18044,17603,91790,46693,45097,5935,3068,2867
1990,0,TEXAS,  07,282444,144532,137912,145890,75068,70822,36653,18599,18054,93823,47755,46068,6078,3110,2968
1990,0,TEXAS,  08,267213,136803,130410,137692,70661,67031,34692,17550,17142,89043,45594,43449,5786,2998,2788
1990,0,TEXAS,  09,285939,146323,139616,146980,75599,71381,38011,19296,18715,94779,48278,46501,6169,3150,3019
1990,0,TEXAS,  10,277845,142285,135560,142879,73554,69325,37512,18994,18518,91399,46644,44755,6055,3093,2962
1990,0,TEXAS,  11,258645,132431,126214,132961,68279,64682,34927,17658,17269,85077,43609,41468,5680,2885,2795
1990,0,TEXAS,  12,254205,129961,124244,130770,67171,63599,33955,17177,16778,83916,42762,41154,5564,2851,2713
1990,0,TEXAS,  13,250312,127901,122411,128225,65976,62249,32838,16604,16234,83618,42409,41209,5631,2912,2719
1990,0,TEXAS,  14,248591,127330,121261,126069,64771,61298,32737,16654,16083,84066,42945,41121,5719,2960,2759
1990,0,TEXAS,  15,251136,128559,122577,127050,65070,61980,32960,16753,16207,85381,43763,41618,5745,2973,2772
1990,0,TEXAS,  16,247700,127009,120691,125186,64050,61136,33212,16902,16310,83661,43091,40570,5641,2966,2675
1990,0,TEXAS,  17,257885,132774,125111,130627,66950,63677,34918,17763,17155,86411,44998,41413,5929,3063,2866
1990,0,TEXAS,  18,266209,137000,129209,139752,71715,68037,36126,18613,17513,84363,43561,40802,5968,3111,2857
1990,0,TEXAS,  19,292951,149528,143423,158545,80557,77988,38638,19343,19295,88979,45965,43014,6789,3663,3126
1990,0,TEXAS,  20,280060,142371,137689,152846,77291,75555,35778,17631,18147,84927,43905,41022,6509,3544,2965
1990,0,TEXAS,  21,265901,135593,130308,143066,72421,70645,34034,16918,17116,82177,42711,39466,6624,3543,3081
1990,0,TEXAS,00-04,1420098,726528,693570,716830,368236,348594,190179,96188,93991,483690,247138,236552,29399,14966,14433
1990,0,TEXAS,05-09,1391052,711012,680040,717502,368350,349152,181602,92053,89549,462054,235242,226812,29894,15367,14527
1990,0,TEXAS,10-14,1289598,659908,629690,660904,339751,321153,171969,87087,84882,428076,218369,209707,28649,14701,13948
1990,0,TEXAS,15-19,1315881,674870,641011,681160,348342,332818,175854,89374,86480,428795,221378,207417,30072,15776,14296
1990,0,TEXAS,20-24,1342403,683892,658511,723759,365232,358527,173037,85282,87755,413308,216096,197212,32299,17282,15017
1990,0,TEXAS,25-29,1532575,775073,757502,885372,443726,441646,190226,92088,98138,420907,220706,200201,36070,18553,17517
1990,0,TEXAS,30-34,1551367,780420,770947,946329,477027,469302,187754,90307,97447,378068,194288,183780,39216,18798,20418
1990,0,TEXAS,35-39,1363586,680532,683054,859233,432390,426843,157349,75013,82336,310205,155791,154414,36799,17338,19461
1990,0,TEXAS,40-44,1168068,578867,589201,770940,386487,384453,120080,56481,63599,246605,121528,125077,30443,14371,16072
1990,0,TEXAS,45-49,895780,442376,453404,613771,306951,306820,86447,40327,46120,175148,84986,90162,20414,10112,10302
1990,0,TEXAS,50-54,721711,351677,370034,500084,247796,252288,70003,31924,38079,137905,65203,72702,13719,6754,6965
1990,0,TEXAS,55-59,658485,316290,342195,464939,227744,237195,64039,28878,35161,119603,55190,64413,9904,4478,5426
1990,0,TEXAS,60-64,627463,292783,334680,454751,216159,238592,58271,25459,32812,106905,47878,59027,7536,3287,4249
1990,0,TEXAS,65-69,569162,257415,311747,425693,193886,231807,50127,21450,28677,87775,39638,48137,5567,2441,3126
1990,0,TEXAS,70-74,425675,183286,242389,329962,142919,187043,37582,15170,22412,54552,23605,30947,3579,1592,1987
1990,0,TEXAS,75-79,332675,129999,202676,257876,100144,157732,30419,11580,18839,42244,17407,24837,2136,868,1268
1990,0,TEXAS,80-84,216367,75177,141190,169559,57480,112079,19759,7024,12735,25945,10238,15707,1104,435,669
1990,0,TEXAS, 85+,164564,45941,118623,129780,34001,95779,15996,5042,10954,18115,6636,11479,673,262,411
1990,0,TEXAS,15-44,8273880,4173654,4100226,4866793,2453204,2413589,1004300,488545,515755,2197888,1129787,1068101,204899,102118,102781
1990,0,TEXAS,15-49,9169660,4616030,4553630,5480564,2760155,2720409,1090747,528872,561875,2373036,1214773,1158263,225313,112230,113083
1990,0,TEXAS, 18+,12129041,5880256,6248785,7830345,3784214,4046131,1335853,623981,711872,2710627,1348716,1361911,252216,123345,128871
1990,0,TEXAS, 21+,11289821,5451357,5838464,7379202,3554651,3824551,1225311,568394,656917,2452358,1215285,1237073,232950,113027,119923
1990,0,TEXAS, 65+,1708443,691818,1016625,1312870,528430,784440,153883,60266,93617,228631,97524,131107,13059,5598,7461
1990,0,TEXAS, ALL,16986510,8366046,8620464,10308444,5056621,5251823,1980693,950727,1029966,4339900,2181317,2158583,357473,177381,180092
1991,0,TEXAS,  00,316072,161370,154702,148364,76074,72290,42561,21544,21017,117956,60025,57931,7191,3727,3464
1991,0,TEXAS,  01,301682,154119,147563,147877,76012,71865,41002,20768,20234,106508,54032,52476,6295,3307,2988
1991,0,TEXAS,  02,287908,147252,140656,144114,74095,70019,38914,19698,19216,98679,50290,48389,6201,3169,3032
1991,0,TEXAS,  03,283796,145313,138483,143127,73567,69560,38065,19318,18747,96527,49375,47152,6077,3053,3024
1991,0,TEXAS,  04,281399,144050,137349,143168,73453,69715,37245,18823,18422,95103,48784,46319,5883,2990,2893
1991,0,TEXAS,  05,284207,145376,138831,145782,74787,70995,37150,18745,18405,95382,48879,46503,5893,2965,2928
1991,0,TEXAS,  06,282555,144070,138485,145854,74633,71221,36838,18676,18162,93830,47683,46147,6033,3078,2955
1991,0,TEXAS,  07,278739,142326,136413,144045,73896,70149,36033,18246,17787,92621,47075,45546,6040,3109,2931
1991,0,TEXAS,  08,282730,144647,138083,146091,75135,70956,36535,18539,17996,93923,47802,46121,6181,3171,3010
1991,0,TEXAS,  09,273017,139781,133236,140839,72326,68513,35333,17898,17435,90852,46458,44394,5993,3099,2894
1991,0,TEXAS,  10,283406,145047,138359,145754,74915,70839,37393,18976,18417,94049,47976,46073,6210,3180,3030
1991,0,TEXAS,  11,282070,144451,137619,145056,74650,70406,37861,19196,18665,92945,47433,45512,6208,3172,3036
1991,0,TEXAS,  12,265685,136033,129652,136567,70155,66412,35810,18119,17691,87396,44745,42651,5912,3014,2898
1991,0,TEXAS,  13,257517,131727,125790,132442,68012,64430,34427,17419,17008,84928,43368,41560,5720,2928,2792
1991,0,TEXAS,  14,253482,129527,123955,129980,66830,63150,33346,16868,16478,84401,42861,41540,5755,2968,2787
1991,0,TEXAS,  15,251779,128837,122942,127958,65698,62260,33059,16804,16255,84892,43289,41603,5870,3046,2824
1991,0,TEXAS,  16,253602,129809,123793,128338,65711,62627,33275,16929,16346,86025,44066,41959,5964,3103,2861
1991,0,TEXAS,  17,252123,129202,122921,127517,65182,62335,33562,17117,16445,85090,43756,41334,5954,3147,2807
1991,0,TEXAS,  18,276833,142810,134023,144668,74439,70229,37162,19052,18110,88374,45854,42520,6629,3465,3164
1991,0,TEXAS,  19,293005,151128,141877,158599,81512,77087,38808,19971,18837,88662,45940,42722,6936,3705,3231
1991,0,TEXAS,  20,289076,147841,141235,156119,79371,76748,37446,18984,18462,88675,45800,42875,6836,3686,3150
1991,0,TEXAS,  21,280881,143548,137333,152016,77310,74706,35719,17817,17902,86392,44752,41640,6754,3669,3085
1991,0,TEXAS,00-04,1470857,752104,718753,726650,373201,353449,197787,100151,97636,514773,262506,252267,31647,16246,15401
1991,0,TEXAS,05-09,1401248,716200,685048,722611,370777,351834,181889,92104,89785,466608,237897,228711,30140,15422,14718
1991,0,TEXAS,10-14,1342160,686785,655375,689799,354562,335237,178837,90578,88259,443719,226383,217336,29805,15262,14543
1991,0,TEXAS,15-19,1327342,681786,645556,687080,352542,334538,175866,89873,85993,433043,222905,210138,31353,16466,14887
1991,0,TEXAS,20-24,1349309,689134,660175,720647,365183,355464,173933,86631,87302,421701,219590,202111,33028,17730,15298
1991,0,TEXAS,25-29,1482434,748928,733506,840062,419421,420641,184908,89650,95258,421866,221507,200359,35598,18350,17248
1991,0,TEXAS,30-34,1575913,791956,783957,952037,478500,473537,190468,91261,99207,393936,203050,190886,39472,19145,20327
1991,0,TEXAS,35-39,1417564,708514,709050,887480,446609,440871,164769,78724,86045,327453,165189,162264,37862,17992,19870
1991,0,TEXAS,40-44,1239273,613786,625487,807687,404404,403283,131861,61801,70060,266453,131921,134532,33272,15660,17612
1991,0,TEXAS,45-49,939421,464274,475147,638388,319449,318939,90343,42150,48193,188468,91846,96622,22222,10829,11393
1991,0,TEXAS,50-54,750797,366830,383967,518984,257434,261550,72370,33118,39252,144181,68678,75503,15262,7600,7662
1991,0,TEXAS,55-59,663016,318253,344763,464968,227542,237426,64491,28978,35513,122755,56703,66052,10802,5030,5772
1991,0,TEXAS,60-64,629132,295032,334100,453782,217038,236744,57824,25307,32517,109398,49153,60245,8128,3534,4594
1991,0,TEXAS,65-69,574967,259389,315578,425988,194016,231972,51107,21590,29517,91803,41153,50650,6069,2630,3439
1991,0,TEXAS,70-74,446991,193334,253657,344075,149704,194371,38667,15721,22946,60209,26112,34097,4040,1797,2243
1991,0,TEXAS,75-79,340146,134329,205817,264138,104015,160123,30261,11485,18776,43293,17811,25482,2454,1018,1436
1991,0,TEXAS,80-84,224574,78079,146495,175338,59576,115762,20129,7030,13099,27801,10959,16842,1306,514,792
1991,0,TEXAS, 85+,173856,48402,125454,136089,35667,100422,16964,5226,11738,20012,7205,12807,791,304,487
1991,0,TEXAS,15-44,8391835,4234104,4157731,4894993,2466659,2428334,1021805,497940,523865,2264452,1164162,1100290,210585,105343,105242
1991,0,TEXAS,15-49,9331256,4698378,4632878,5533381,2786108,2747273,1112148,540090,572058,2452920,1256008,1196912,232807,116172,116635
1991,0,TEXAS, 18+,12377231,6004178,6373053,7932930,3834509,4098421,1364065,637695,726370,2816365,1402671,1413694,263871,129303,134568
1991,0,TEXAS, 21+,11518317,5562399,5955918,7473544,3599187,3874357,1250649,579688,670961,2550654,1265077,1285577,243470,118447,125023
1991,0,TEXAS, 65+,1760534,713533,1047001,1345628,542978,802650,157128,61052,96076,243118,103240,139878,14660,6263,8397
1991,0,TEXAS, ALL,17349000,8547115,8801885,10455803,5129640,5326163,2022474,971378,1051096,4497472,2260568,2236904,373251,185529,187722
1992,0,TEXAS,  00,318900,162680,156220,144985,74291,70694,42638,21667,20971,123648,62827,60821,7629,3895,3734
1992,0,TEXAS,  01,318125,162422,155703,149163,76478,72685,42776,21658,21118,118834,60475,58359,7352,3811,3541
1992,0,TEXAS,  02,303793,155188,148605,148701,76431,72270,41215,20881,20334,107438,54498,52940,6439,3378,3061
1992,0,TEXAS,  03,290054,148349,141705,144947,74521,70426,39141,19812,19329,99608,50765,48843,6358,3251,3107
1992,0,TEXAS,  04,285985,146437,139548,143973,74003,69970,38313,19449,18864,97462,49848,47614,6237,3137,3100
1992,0,TEXAS,  05,283176,144948,138228,143861,73791,70070,37412,18913,18499,95875,49180,46695,6028,3064,2964
1992,0,TEXAS,  06,286034,146321,139713,146482,75152,71330,37333,18841,18492,96182,49292,46890,6037,3036,3001
1992,0,TEXAS,  07,284334,144974,139360,146522,74971,71551,37010,18764,18246,94625,48087,46538,6177,3152,3025
1992,0,TEXAS,  08,280550,143249,137301,144752,74253,70499,36206,18338,17868,93406,47473,45933,6186,3185,3001
1992,0,TEXAS,  09,284518,145567,138951,146774,75482,71292,36716,18639,18077,94702,48201,46501,6326,3245,3081
1992,0,TEXAS,  10,275057,140845,134212,141625,72728,68897,35556,18022,17534,91721,46913,44808,6155,3182,2973
1992,0,TEXAS,  11,285443,146097,139346,146533,75302,71231,37621,19100,18521,94919,48431,46488,6370,3264,3106
1992,0,TEXAS,  12,284079,145481,138598,145828,75042,70786,38089,19316,18773,93812,47875,45937,6350,3248,3102
1992,0,TEXAS,  13,267674,137069,130605,137324,70540,66784,36031,18246,17785,88250,45189,43061,6069,3094,2975
1992,0,TEXAS,  14,259544,132770,126774,133231,68408,64823,34647,17541,17106,85783,43804,41979,5883,3017,2866
1992,0,TEXAS,  15,256423,131026,125397,131129,67384,63745,33712,17070,16642,85611,43489,42122,5971,3083,2888
1992,0,TEXAS,  16,255077,130543,124534,129265,66335,62930,33512,17065,16447,86161,43944,42217,6139,3199,2940
1992,0,TEXAS,  17,257295,131747,125548,129970,66508,63462,33761,17242,16519,87301,44714,42587,6263,3283,2980
1992,0,TEXAS,  18,273531,140663,132868,142504,73231,69273,36319,18664,17655,87963,45192,42771,6745,3576,3169
1992,0,TEXAS,  19,301236,155712,145524,161865,83393,78472,39811,20436,19375,92055,47863,44192,7505,4020,3485
1992,0,TEXAS,  20,290553,149906,140647,156191,80219,75972,38094,19719,18375,89216,46206,43010,7052,3762,3290
1992,0,TEXAS,  21,288378,148250,140128,154228,78881,75347,37413,19133,18280,89644,46422,43222,7093,3814,3279
1992,0,TEXAS,00-04,1516857,775076,741781,731769,375724,356045,204083,103467,100616,546990,278413,268577,34015,17472,16543
1992,0,TEXAS,05-09,1418612,725059,693553,728391,373649,354742,184677,93495,91182,474790,242233,232557,30754,15682,15072
1992,0,TEXAS,10-14,1371797,702262,669535,704541,362020,342521,181944,92225,89719,454485,232212,222273,30827,15805,15022
1992,0,TEXAS,15-19,1343562,689691,653871,694733,356851,337882,177115,90477,86638,439091,225202,213889,32623,17161,15462
1992,0,TEXAS,20-24,1373774,705099,668675,728033,371580,356453,178859,90253,88606,432508,224823,207685,34374,18443,15931
1992,0,TEXAS,25-29,1447820,731268,716552,803208,400020,403188,182405,88756,93649,426342,224057,202285,35865,18435,17430
1992,0,TEXAS,30-34,1577523,793267,784256,944253,473741,470512,190651,91627,99024,402987,208468,194519,39632,19431,20201
1992,0,TEXAS,35-39,1466302,732983,733319,910791,457963,452828,172186,82337,89849,344238,174128,170110,39087,18555,20532
1992,0,TEXAS,40-44,1255922,621943,633979,807858,404169,403689,137448,64423,73025,275980,137052,138928,34636,16299,18337
1992,0,TEXAS,45-49,1009974,499413,510561,683733,342236,341497,96472,44958,51514,205179,100325,104854,24590,11894,12696
1992,0,TEXAS,50-54,777696,380436,397260,537203,266442,270761,74483,34223,40260,149429,71519,77910,16581,8252,8329
1992,0,TEXAS,55-59,672182,322918,349264,469077,229765,239312,65085,29188,35897,126437,58467,67970,11583,5498,6085
1992,0,TEXAS,60-64,625245,293616,331629,448830,215146,233684,57423,25052,32371,110391,49653,60738,8601,3765,4836
1992,0,TEXAS,65-69,575965,260160,315805,423993,193818,230175,51244,21552,29692,94278,42018,52260,6450,2772,3678
1992,0,TEXAS,70-74,465382,201685,263697,355924,155115,200809,39616,16127,23489,65450,28509,36941,4392,1934,2458
1992,0,TEXAS,75-79,344870,136946,207924,267821,106299,161522,30325,11392,18933,44013,18123,25890,2711,1132,1579
1992,0,TEXAS,80-84,229847,80239,149608,179243,61329,117914,20120,7008,13112,29042,11317,17725,1442,585,857
1992,0,TEXAS, 85+,182320,50874,131446,141820,37289,104531,17844,5431,12413,21712,7792,13920,944,362,582
1992,0,TEXAS,15-44,8464903,4274251,4190652,4888876,2464324,2424552,1038664,507873,530791,2321146,1193730,1127416,216217,108324,107893
1992,0,TEXAS,15-49,9474877,4773664,4701213,5572609,2806560,2766049,1135136,552831,582305,2526325,1294055,1232270,240807,120218,120589
1992,0,TEXAS, 18+,12579589,6107222,6472367,8006156,3871536,4134620,1390291,651427,738864,2908004,1449306,1458698,275138,134953,140185
1992,0,TEXAS, 21+,11714269,5660941,6053328,7545596,3634693,3910903,1276067,592608,683459,2638770,1310045,1328725,253836,123595,130241
1992,0,TEXAS, 65+,1798384,729904,1068480,1368801,553850,814951,159149,61510,97639,254495,107759,146736,15939,6785,9154
1992,0,TEXAS, ALL,17655650,8702935,8952715,10561221,5183156,5378065,2061980,991991,1069989,4643342,2334311,2309031,389107,193477,195630
1993,0,TEXAS,  00,322175,164214,157961,142971,73255,69716,41986,21253,20733,129064,65541,63523,8154,4165,3989
1993,0,TEXAS,  01,322027,164272,157755,146288,74951,71337,42913,21807,21106,124949,63491,61458,7877,4023,3854
1993,0,TEXAS,  02,321344,164044,157300,150505,77151,73354,43049,21794,21255,120185,61157,59028,7605,3942,3663
1993,0,TEXAS,  03,307032,156850,150182,150044,77119,72925,41514,21038,20476,108790,55186,53604,6684,3507,3177
1993,0,TEXAS,  04,293307,149992,143315,146298,75201,71097,39433,19960,19473,100966,51455,49511,6610,3376,3234
1993,0,TEXAS,  05,288679,147833,140846,145084,74574,70510,38545,19573,18972,98599,50438,48161,6451,3248,3203
1993,0,TEXAS,  06,285890,146332,139558,144956,74346,70610,37640,19031,18609,97039,49778,47261,6255,3177,3078
1993,0,TEXAS,  07,288712,147696,141016,147566,75702,71864,37550,18957,18593,97339,49887,47452,6257,3150,3107
1993,0,TEXAS,  08,286991,146341,140650,147606,75523,72083,37228,18879,18349,95763,48678,47085,6394,3261,3133
1993,0,TEXAS,  09,283275,144652,138623,145861,74823,71038,36444,18463,17981,94559,48065,46494,6411,3301,3110
1993,0,TEXAS,  10,287694,147208,140486,148087,76145,71942,37007,18787,18220,96023,48899,47124,6577,3377,3200
1993,0,TEXAS,  11,278226,142483,135743,142942,73381,69561,35844,18178,17666,93039,47607,45432,6401,3317,3084
1993,0,TEXAS,  12,288621,147735,140886,147835,75949,71886,37927,19265,18662,96248,49133,47115,6611,3388,3223
1993,0,TEXAS,  13,287215,147096,140119,147125,75696,71429,38377,19467,18910,95109,48554,46555,6604,3379,3225
1993,0,TEXAS,  14,270766,138657,132109,138605,71180,67425,36314,18394,17920,89530,45860,43670,6317,3223,3094
1993,0,TEXAS,  15,264247,135167,129080,135218,69360,65858,35097,17780,17317,87682,44809,42873,6250,3218,3032
1993,0,TEXAS,  16,261466,133599,127867,133269,68418,64851,34249,17360,16889,87567,44508,43059,6381,3313,3068
1993,0,TEXAS,  17,260536,133396,127140,131721,67531,64190,34109,17441,16668,88109,44955,43154,6597,3469,3128
1993,0,TEXAS,  18,280674,144342,136332,145835,75041,70794,36710,18926,17784,90926,46582,44344,7203,3793,3410
1993,0,TEXAS,  19,299924,154805,145119,160652,82753,77899,39147,20222,18925,92349,47610,44739,7776,4220,3556
1993,0,TEXAS,  20,301354,156063,145291,160887,82935,77952,39277,20349,18928,93379,48595,44784,7811,4184,3627
1993,0,TEXAS,  21,292420,151881,140539,155700,80548,75152,38239,20035,18204,90989,47307,43682,7492,3991,3501
1993,0,TEXAS,00-04,1565885,799372,766513,736106,377677,358429,208895,105852,103043,583954,296830,287124,36930,19013,17917
1993,0,TEXAS,05-09,1433547,732854,700693,731073,374968,356105,187407,94903,92504,483299,246846,236453,31768,16137,15631
1993,0,TEXAS,10-14,1412522,723179,689343,724594,372351,352243,185469,94091,91378,469949,240053,229896,32510,16684,15826
1993,0,TEXAS,15-19,1366847,701309,665538,706695,363103,343592,179312,91729,87583,446633,228464,218169,34207,18013,16194
1993,0,TEXAS,20-24,1424224,735589,688635,750342,385978,364364,186383,95404,90979,450455,234373,216082,37044,19834,17210
1993,0,TEXAS,25-29,1411430,714551,696879,766015,381508,384507,179703,88576,91127,428948,225541,203407,36764,18926,17838
1993,0,TEXAS,30-34,1588936,800427,788509,939287,470592,468695,192874,93380,99494,416006,216248,199758,40769,20207,20562
1993,0,TEXAS,35-39,1508518,755011,753507,929273,467217,462056,178835,85823,93012,359922,182687,177235,40488,19284,21204
1993,0,TEXAS,40-44,1292220,641110,651110,821657,411494,410163,144274,67982,76292,289852,144442,145410,36437,17192,19245
1993,0,TEXAS,45-49,1064461,525964,538497,714878,357383,357495,102753,47721,55032,219958,107945,112013,26872,12915,13957
1993,0,TEXAS,50-54,819354,401555,417799,565704,280960,284744,77687,35776,41911,157638,75692,81946,18325,9127,9198
1993,0,TEXAS,55-59,683667,328796,354871,476131,233307,242824,65039,29127,35912,130040,60386,69654,12457,5976,6481
1993,0,TEXAS,60-64,625446,293987,331459,446515,214396,232119,57626,25074,32552,112069,50461,61608,9236,4056,5180
1993,0,TEXAS,65-69,578087,261201,316886,423407,194124,229283,51214,21476,29738,96563,42623,53940,6903,2978,3925
1993,0,TEXAS,70-74,480245,208528,271717,363762,158780,204982,40767,16566,24201,70893,31065,39828,4823,2117,2706
1993,0,TEXAS,75-79,348829,139596,209233,271364,108684,162680,30190,11391,18799,44317,18281,26036,2958,1240,1718
1993,0,TEXAS,80-84,236469,82761,153708,183683,63239,120444,20439,7014,13425,30750,11865,18885,1597,643,954
1993,0,TEXAS, 85+,190797,53568,137229,147532,39129,108403,18561,5562,12999,23606,8452,15154,1098,425,673
1993,0,TEXAS,15-44,8592175,4347997,4244178,4913269,2479892,2433377,1061381,522894,538487,2391816,1231755,1160061,225709,113456,112253
1993,0,TEXAS,15-49,9656636,4873961,4782675,5628147,2837275,2790872,1164134,570615,593519,2611774,1339700,1272074,252581,126371,126210
1993,0,TEXAS, 18+,12833281,6241791,6591490,8106037,3924585,4181452,1422202,670020,752182,3014292,1504253,1510039,290750,142933,147817
1993,0,TEXAS, 21+,11951329,5786581,6164748,7638663,3683856,3954807,1307068,610523,696545,2737638,1361466,1376172,267960,130736,137224
1993,0,TEXAS, 65+,1834427,745654,1088773,1389748,563956,825792,161171,62009,99162,266129,112286,153843,17379,7403,9976
1993,0,TEXAS, ALL,18031484,8899358,9132126,10698018,5254890,5443128,2107428,1017447,1089981,4814852,2422254,2392598,411186,204767,206419
1994,0,TEXAS,  00,322486,164801,157685,141004,72275,68729,40596,20574,20022,132341,67547,64794,8545,4405,4140
1994,0,TEXAS,  01,325297,165812,159485,144508,74044,70464,42172,21342,20830,130304,66182,64122,8313,4244,4069
1994,0,TEXAS,  02,325149,165844,159305,147793,75700,72093,43095,21890,21205,126235,64151,62084,8026,4103,3923
1994,0,TEXAS,  03,324540,165673,158867,152038,77925,74113,43243,21883,21360,121492,61842,59650,7767,4023,3744
1994,0,TEXAS,  04,310205,158474,151731,151552,77879,73673,41719,21148,20571,110091,55857,54234,6843,3590,3253
1994,0,TEXAS,  05,296082,151444,144638,147615,75886,71729,39575,20038,19537,102144,52070,50074,6748,3450,3298
1994,0,TEXAS,  06,291481,149270,142211,146421,75270,71151,38699,19658,19041,99776,51030,48746,6585,3312,3273
1994,0,TEXAS,  07,288632,147761,140871,146245,75020,71225,37778,19102,18676,98228,50392,47836,6381,3247,3134
1994,0,TEXAS,  08,291471,149128,142343,148859,76377,72482,37702,19043,18659,98512,50488,48024,6398,3220,3178
1994,0,TEXAS,  09,289743,147763,141980,148911,76199,72712,37375,18962,18413,96938,49278,47660,6519,3324,3195
1994,0,TEXAS,  10,286009,146060,139949,147119,75471,71648,36659,18582,18077,95682,48632,47050,6549,3375,3174
1994,0,TEXAS,  11,290407,148591,141816,149352,76794,72558,37208,18909,18299,97133,49441,47692,6714,3447,3267
1994,0,TEXAS,  12,280973,143868,137105,144215,74021,70194,36058,18291,17767,94158,48163,45995,6542,3393,3149
1994,0,TEXAS,  13,291268,149098,142170,149054,76572,72482,38123,19384,18739,97343,49682,47661,6748,3460,3288
1994,0,TEXAS,  14,289862,148440,141422,148340,76319,72021,38572,19577,18995,96213,49097,47116,6737,3447,3290
1994,0,TEXAS,  15,274072,140275,133797,140143,71896,68247,36583,18552,18031,90845,46508,44337,6501,3319,3182
1994,0,TEXAS,  16,267896,136990,130906,136895,70157,66738,35464,17992,17472,89061,45488,43573,6476,3353,3123
1994,0,TEXAS,  17,265539,135683,129856,135271,69374,65897,34647,17634,17013,88953,45191,43762,6668,3484,3184
1994,0,TEXAS,  18,282496,145197,137299,147169,75845,71324,36844,19017,17827,91141,46465,44676,7342,3870,3472
1994,0,TEXAS,  19,305583,157536,148047,163543,84263,79280,39277,20322,18955,94725,48629,46096,8038,4322,3716
1994,0,TEXAS,  20,298766,154213,144553,159528,82089,77439,38267,19903,18364,93128,47978,45150,7843,4243,3600
1994,0,TEXAS,  21,301821,157000,144821,160152,82977,77175,39098,20441,18657,94549,49294,45255,8022,4288,3734
1994,0,TEXAS,00-04,1607677,820604,787073,736895,377823,359072,210825,106837,103988,620463,315579,304884,39494,20365,19129
1994,0,TEXAS,05-09,1457409,745366,712043,738051,378752,359299,191129,96803,94326,495598,253258,242340,32631,16553,16078
1994,0,TEXAS,10-14,1438519,736057,702462,738080,379177,358903,186620,94743,91877,480529,245015,235514,33290,17122,16168
1994,0,TEXAS,15-19,1395586,715681,679905,723021,371535,351486,182815,93517,89298,454725,232281,222444,35025,18348,16677
1994,0,TEXAS,20-24,1456152,754003,702149,765867,395360,370507,189924,98194,91730,462119,239978,222141,38242,20471,17771
1994,0,TEXAS,25-29,1383749,701073,682676,738225,368105,370120,176531,87344,89187,432034,226611,205423,36959,19013,17946
1994,0,TEXAS,30-34,1589945,800734,789211,928493,463733,464760,193058,93655,99403,427269,222796,204473,41125,20550,20575
1994,0,TEXAS,35-39,1543322,772761,770561,943841,474316,469525,183412,88045,95367,374495,190569,183926,41574,19831,21743
1994,0,TEXAS,40-44,1334292,662590,671702,843369,422358,421011,150112,70894,79218,303338,151638,151700,37473,17700,19773
1994,0,TEXAS,45-49,1117885,552019,565866,742883,371098,371785,110445,51177,59268,235186,115665,119521,29371,14079,15292
1994,0,TEXAS,50-54,860118,421749,438369,592375,294324,298051,80719,37135,43584,167139,80434,86705,19885,9856,10029
1994,0,TEXAS,55-59,698945,336607,362338,486268,238470,247798,65425,29274,36151,133877,62391,71486,13375,6472,6903
1994,0,TEXAS,60-64,627453,295485,331968,445884,214444,231440,57829,25152,32677,113953,51547,62406,9787,4342,5445
1994,0,TEXAS,65-69,578180,261559,316621,421333,193963,227370,50951,21284,29667,98610,43148,55462,7286,3164,4122
1994,0,TEXAS,70-74,493478,214270,279208,370911,161902,209009,41405,16790,24615,75897,33284,42613,5265,2294,2971
1994,0,TEXAS,75-79,243186,85415,157771,188130,65157,122973,20742,7056,13686,32557,12488,20069,1757,714,1043
1994,0,TEXAS,80-84,198139,55706,142433,152427,40568,111859,19125,5716,13409,25317,8932,16385,1270,490,780
1994,0,TEXAS, 85+,354150,143078,211072,275306,111485,163821,30208,11346,18862,45404,18877,26527,3232,1370,1862
1994,0,TEXAS,15-44,8703046,4406842,4296204,4942816,2495407,2447409,1075852,531649,544203,2453980,1263873,1190107,230398,115913,114485
1994,0,TEXAS,15-49,9820931,4958861,4862070,5685699,2866505,2819194,1186297,582826,603471,2689166,1379538,1309628,259769,129992,129777
1994,0,TEXAS, 18+,13067073,6359782,6707291,8206024,3975391,4230633,1446007,682401,763606,3113061,1553452,1559609,301981,148538,153443
1994,0,TEXAS, 21+,12180228,5902836,6277392,7735784,3733194,4002590,1331619,623159,708460,2834067,1410380,1423687,278758,136103,142655
1994,0,TEXAS, 65+,1867133,760028,1107105,1408107,573075,835032,162431,62192,100239,277785,116729,161056,18810,8032,10778
1994,0,TEXAS, ALL,18378185,9074757,9303428,10831359,5322570,5508789,2141275,1034962,1106313,4978510,2504491,2474019,427041,212734,214307
1995,0,TEXAS,  00,321975,164764,157211,139366,71396,67970,39144,19975,19169,134563,68795,65768,8902,4598,4304
1995,0,TEXAS,  01,324684,165913,158771,142400,72975,69425,40737,20651,20086,132929,67848,65081,8618,4439,4179
1995,0,TEXAS,  02,327533,166961,160572,145920,74753,71167,42314,21418,20896,130905,66501,64404,8394,4289,4105
1995,0,TEXAS,  03,327466,167032,160434,149224,76423,72801,43251,21980,21271,126876,64482,62394,8115,4147,3968
1995,0,TEXAS,  04,326866,166851,160015,153443,78635,74808,43423,21977,21446,122145,62175,59970,7855,4064,3791
1995,0,TEXAS,  05,312095,159438,152657,152714,78468,74246,41826,21205,20621,110628,56133,54495,6927,3632,3295
1995,0,TEXAS,  06,298000,152437,145563,148798,76507,72291,39696,20099,19597,102694,52356,50338,6812,3475,3337
1995,0,TEXAS,  07,293404,150264,143140,147592,75869,71723,38839,19732,19107,100335,51318,49017,6638,3345,3293
1995,0,TEXAS,  08,290586,148766,141820,147409,75617,71792,37918,19179,18739,98807,50687,48120,6452,3283,3169
1995,0,TEXAS,  09,293384,150113,143271,150005,76969,73036,37825,19106,18719,99084,50778,48306,6470,3260,3210
1995,0,TEXAS,  10,291843,148820,143023,150153,76819,73334,37566,19063,18503,97528,49579,47949,6596,3359,3237
1995,0,TEXAS,  11,288045,147093,140952,148322,76080,72242,36850,18686,18164,96245,48915,47330,6628,3412,3216
1995,0,TEXAS,  12,292467,149629,142838,150575,77400,73175,37402,19022,18380,97701,49719,47982,6789,3488,3301
1995,0,TEXAS,  13,283006,144895,138111,145417,74624,70793,36242,18391,17851,94735,48457,46278,6612,3423,3189
1995,0,TEXAS,  14,293321,150117,143204,150255,77169,73086,38309,19483,18826,97924,49961,47963,6833,3504,3329
1995,0,TEXAS,  15,292399,149633,142766,149942,77060,72882,38791,19689,19102,96824,49383,47441,6842,3501,3341
1995,0,TEXAS,  16,277036,141712,135324,141915,72724,69191,36903,18728,18175,91569,46848,44721,6649,3412,3237
1995,0,TEXAS,  17,271440,138825,132615,139007,71158,67849,35857,18271,17586,89832,45848,43984,6744,3548,3196
1995,0,TEXAS,  18,287827,147891,139936,151392,78158,73234,37597,19404,18193,91465,46455,45010,7373,3874,3499
1995,0,TEXAS,  19,308182,159177,149005,165726,85681,80045,39785,20737,19048,94504,48347,46157,8167,4412,3755
1995,0,TEXAS,  20,304813,157670,147143,162959,84115,78844,38820,20403,18417,94959,48797,46162,8075,4355,3720
1995,0,TEXAS,  21,299821,156032,143789,159396,82682,76714,38551,20456,18095,93849,48547,45302,8025,4347,3678
1995,0,TEXAS,00-04,1628524,831521,797003,730353,374182,356171,208869,106001,102868,647418,329801,317617,41884,21537,20347
1995,0,TEXAS,05-09,1487469,761018,726451,746518,383430,363088,196104,99321,96783,511548,261272,250276,33299,16995,16304
1995,0,TEXAS,10-14,1448682,740554,708128,744722,382092,362630,186369,94645,91724,484133,246631,237502,33458,17186,16272
1995,0,TEXAS,15-19,1436884,737238,699646,747982,384781,363201,188933,96829,92104,464194,236881,227313,35775,18747,17028
1995,0,TEXAS,20-24,1482862,772271,710591,779463,404674,374789,194431,102650,91781,469567,243808,225759,39401,21139,18262
1995,0,TEXAS,25-29,1382012,704764,677248,729720,366236,363484,178656,90509,88147,436538,228754,207784,37098,19265,17833
1995,0,TEXAS,30-34,1577092,797643,779449,907965,453570,454395,194782,96430,98352,433325,226902,206423,41020,20741,20279
1995,0,TEXAS,35-39,1578700,792258,786442,958080,481301,476779,188826,91457,97369,389510,199189,190321,42284,20311,21973
1995,0,TEXAS,40-44,1380182,687923,692259,867574,435487,432087,157164,74976,82188,317016,159152,157864,38428,18308,20120
1995,0,TEXAS,45-49,1177702,581309,596393,775381,387014,388367,119248,55199,64049,251090,123808,127282,31983,15288,16695
1995,0,TEXAS,50-54,895070,438978,456092,612647,304376,308271,83867,38608,45259,177198,85474,91724,21358,10520,10838
1995,0,TEXAS,55-59,715047,345070,369977,496792,243918,252874,66275,29573,36702,137474,64451,73023,14506,7128,7378
1995,0,TEXAS,60-64,632027,298221,333806,446930,215287,231643,58333,25391,32942,116409,52877,63532,10355,4666,5689
1995,0,TEXAS,65-69,579920,263312,316608,420720,194705,226015,50789,21218,29571,100683,44020,56663,7728,3369,4359
1995,0,TEXAS,70-74,503517,218193,285324,376185,164129,212056,41906,16843,25063,79809,34808,45001,5617,2413,3204
1995,0,TEXAS,75-79,364429,148599,215830,281808,115269,166539,31088,11831,19257,47992,19980,28012,3541,1519,2022
1995,0,TEXAS,80-84,247890,87877,160013,191875,67296,124579,20485,6845,13640,33609,12972,20637,1921,764,1157
1995,0,TEXAS, 85+,205982,57779,148203,157367,41914,115453,19821,5825,13996,27334,9477,17857,1460,563,897
1995,0,TEXAS,15-44,8837732,4492097,4345635,4990784,2526049,2464735,1102792,552851,549941,2510150,1294686,1215464,234006,118511,115495
1995,0,TEXAS,15-49,10015434,5073406,4942028,5766165,2913063,2853102,1222040,608050,613990,2761240,1418494,1342746,265989,133799,132190
1995,0,TEXAS, 18+,13318441,6501265,6817176,8319625,4039015,4280610,1483053,707496,775557,3203523,1600474,1603049,312240,154280,157960
1995,0,TEXAS, 21+,12417619,6036527,6381092,7839548,3791061,4048487,1366851,646952,719899,2922595,1456875,1465720,288625,141639,146986
1995,0,TEXAS, 65+,1901738,775760,1125978,1427955,583313,844642,164089,62562,101527,289427,121257,168170,20267,8628,11639
1995,0,TEXAS, ALL,18723991,9264528,9459463,10972082,5399661,5572421,2185946,1064151,1121795,5124847,2580257,2544590,441116,220459,220657
1996,0,TEXAS,  00,328103,167649,160454,139849,71721,68128,38555,19498,19057,140058,71413,68645,9641,5017,4624
1996,0,TEXAS,  01,325972,166801,159171,141612,72537,69075,39429,20129,19300,135817,69427,66390,9114,4708,4406
1996,0,TEXAS,  02,328727,167974,160753,144646,74115,70531,41034,20804,20230,134225,68514,65711,8822,4541,4281
1996,0,TEXAS,  03,331613,169052,162561,148201,75912,72289,42610,21584,21026,132201,67162,65039,8601,4394,4207
1996,0,TEXAS,  04,331562,169129,162433,151488,77580,73908,43550,22143,21407,128193,65150,63043,8331,4256,4075
1996,0,TEXAS,  05,330265,168606,161659,155340,79621,75719,43653,22093,21560,123240,62738,60502,8032,4154,3878
1996,0,TEXAS,  06,315496,161196,154300,154603,79450,75153,42065,21324,20741,111729,56704,55025,7099,3718,3381
1996,0,TEXAS,  07,301440,154231,147209,150695,77495,73200,39936,20229,19707,103813,52938,50875,6996,3569,3427
1996,0,TEXAS,  08,296826,152024,144802,149487,76850,72637,39073,19851,19222,101455,51887,49568,6811,3436,3375
1996,0,TEXAS,  09,294008,150544,143464,149286,76599,72687,38163,19306,18857,99927,51269,48658,6632,3370,3262
1996,0,TEXAS,  10,296946,151925,145021,151935,77929,74006,38140,19281,18859,100210,51355,48855,6661,3360,3301
1996,0,TEXAS,  11,295445,150677,144768,152094,77807,74287,37889,19242,18647,98676,50169,48507,6786,3459,3327
1996,0,TEXAS,  12,291621,148930,142691,150251,77043,73208,37164,18871,18293,97389,49504,47885,6817,3512,3305
1996,0,TEXAS,  13,295983,151410,144573,152466,78349,74117,37712,19183,18529,98824,50291,48533,6981,3587,3394
1996,0,TEXAS,  14,286534,146674,139860,147341,75590,71751,36556,18561,17995,95834,49005,46829,6803,3518,3285
1996,0,TEXAS,  15,298035,152462,145573,152795,78355,74440,38730,19721,19009,99429,50749,48680,7081,3637,3444
1996,0,TEXAS,  16,297502,152214,145288,152632,78341,74291,39330,19997,19333,98389,50200,48189,7151,3676,3475
1996,0,TEXAS,  17,282679,144684,137995,144939,74182,70757,37521,19144,18377,93155,47673,45482,7064,3685,3379
1996,0,TEXAS,  18,295972,152192,143780,156180,80455,75725,39071,20195,18876,93145,47557,45588,7576,3985,3591
1996,0,TEXAS,  19,314942,162473,152469,170492,88178,82314,40638,21136,19502,95536,48719,46817,8276,4440,3836
1996,0,TEXAS,  20,308973,159820,149153,165873,85741,80132,39281,20676,18605,95459,48891,46568,8360,4512,3848
1996,0,TEXAS,  21,307354,159899,147455,163545,84888,78657,39015,20777,18238,96403,49721,46682,8391,4513,3878
1996,0,TEXAS,00-04,1645977,840605,805372,725796,371865,353931,205178,104158,101020,670494,341666,328828,44509,22916,21593
1996,0,TEXAS,05-09,1538035,786601,751434,759411,390015,369396,202890,102803,100087,540164,275536,264628,35570,18247,17323
1996,0,TEXAS,10-14,1466529,749616,716913,754087,386718,367369,187461,95138,92323,490933,250324,240609,34048,17436,16612
1996,0,TEXAS,15-19,1489130,764025,725105,777038,399511,377527,195290,100193,95097,479654,244898,234756,37148,19423,17725
1996,0,TEXAS,20-24,1509474,787365,722109,794683,413566,381117,196461,104356,92105,477265,247425,229840,41065,22018,19047
1996,0,TEXAS,25-29,1406547,719887,686660,738398,372344,366054,181961,93382,88579,447677,234136,213541,38511,20025,18486
1996,0,TEXAS,30-34,1551977,785140,766837,880515,438956,441559,192570,95859,96711,437509,229399,208110,41383,20926,20457
1996,0,TEXAS,35-39,1606530,806144,800386,967909,485372,482537,191950,92896,99054,403713,207087,196626,42958,20789,22169
1996,0,TEXAS,40-44,1429490,713692,715798,894307,449071,445236,163628,78301,85327,331907,167319,164588,39648,19001,20647
1996,0,TEXAS,45-49,1234455,609046,625409,804977,401386,403591,128306,59277,69029,266876,132032,134844,34296,16351,17945
1996,0,TEXAS,50-54,934640,458733,475907,636049,316203,319846,87190,40177,47013,188429,91175,97254,22972,11178,11794
1996,0,TEXAS,55-59,740714,358430,382284,514037,252719,261318,68160,30549,37611,142729,67345,75384,15788,7817,7971
1996,0,TEXAS,60-64,638590,301400,337190,449553,216590,232963,58751,25514,33237,119141,54151,64990,11145,5145,6000
1996,0,TEXAS,65-69,582857,265870,316987,421546,196227,225319,50447,21042,29405,102664,45040,57624,8200,3561,4639
1996,0,TEXAS,70-74,508235,220005,288230,377001,164687,212314,42587,16944,25643,82621,35798,46823,6026,2576,3450
1996,0,TEXAS,75-79,380025,155755,224270,292279,120131,172148,31844,12246,19598,52009,21712,30297,3893,1666,2227
1996,0,TEXAS,80-84,251355,90187,161168,194967,69502,125465,20141,6705,13436,34135,13127,21008,2112,853,1259
1996,0,TEXAS, 85+,213701,60146,153555,162168,43493,118675,20357,5837,14520,29519,10186,19333,1657,630,1027
1996,0,TEXAS,15-44,8993148,4576253,4416895,5052850,2558820,2494030,1121860,564987,556873,2577725,1330264,1247461,240713,122182,118531
1996,0,TEXAS,15-49,10227603,5185299,5042304,5857827,2960206,2897621,1250166,624264,625902,2844601,1462296,1382305,275009,138533,136476
1996,0,TEXAS, 18+,13599504,6646465,6953039,8455061,4108880,4346181,1514062,724416,789646,3304875,1652208,1652667,325506,160961,164545
1996,0,TEXAS, 21+,12679617,6171980,6507637,7962516,3854506,4108010,1395072,662409,732663,3020735,1507041,1513694,301294,148024,153270
1996,0,TEXAS, 65+,1936173,791963,1144210,1447961,594040,853921,165376,62774,102602,300948,125863,175085,21888,9286,12602
1996,0,TEXAS, ALL,19128261,9472647,9655614,11144721,5488356,5656365,2225172,1085377,1139795,5297439,2668356,2629083,460929,230558,230371
1997,0,TEXAS,  00,339482,173548,165934,141905,72883,69022,39711,20046,19665,147402,75233,72169,10464,5386,5078
1997,0,TEXAS,  01,329868,168608,161260,141029,72379,68650,38643,19554,19089,140442,71599,68843,9754,5076,4678
1997,0,TEXAS,  02,327899,167821,160078,142875,73221,69654,39516,20175,19341,136289,69668,66621,9219,4757,4462
1997,0,TEXAS,  03,330695,169008,161687,145945,74811,71134,41142,20862,20280,134673,68735,65938,8935,4600,4335
1997,0,TEXAS,  04,333651,170107,163544,149530,76602,72928,42720,21652,21068,132676,67393,65283,8725,4460,4265
1997,0,TEXAS,  05,333252,170007,163245,152607,78166,74441,43639,22191,21448,128582,65349,63233,8424,4301,4123
1997,0,TEXAS,  06,331953,169486,162467,156444,80198,76246,43740,22144,21596,123661,62959,60702,8108,4185,3923
1997,0,TEXAS,  07,317265,162129,155136,155749,80060,75689,42162,21376,20786,112162,56930,55232,7192,3763,3429
1997,0,TEXAS,  08,303206,155155,148051,151831,78089,73742,40026,20275,19751,104256,53174,51082,7093,3617,3476
1997,0,TEXAS,  09,298608,152927,145681,150637,77443,73194,39158,19904,19254,101909,52102,49807,6904,3478,3426
1997,0,TEXAS,  10,295776,151444,144332,150400,77146,73254,38329,19393,18936,100333,51492,48841,6714,3413,3301
1997,0,TEXAS,  11,298733,152853,145880,153044,78486,74558,38314,19384,18930,100630,51576,49054,6745,3407,3338
1997,0,TEXAS,  12,297185,151543,145642,153172,78336,74836,38040,19319,18721,99105,50388,48717,6868,3500,3368
1997,0,TEXAS,  13,293348,149813,143535,151315,77562,73753,37333,18968,18365,97781,49715,48066,6919,3568,3351
1997,0,TEXAS,  14,297674,152262,145412,153516,78872,74644,37862,19261,18601,99223,50496,48727,7073,3633,3440
1997,0,TEXAS,  15,288621,147653,140968,148645,76160,72485,36766,18677,18089,96306,49246,47060,6904,3570,3334
1997,0,TEXAS,  16,300531,153707,146824,154295,79032,75263,39035,19901,19134,99966,51040,48926,7235,3734,3501
1997,0,TEXAS,  17,300455,153780,146675,154402,79162,75240,39712,20281,19431,98925,50478,48447,7416,3859,3557
1997,0,TEXAS,  18,305627,157277,148350,161704,83316,78388,40585,20999,19586,95583,48918,46665,7755,4044,3711
1997,0,TEXAS,  19,320939,165556,155383,174549,90034,84515,41825,21742,20083,96220,49297,46923,8345,4483,3862
1997,0,TEXAS,  20,311992,161147,150845,168731,87258,81473,39606,20794,18812,95389,48668,46721,8266,4427,3839
1997,0,TEXAS,  21,308125,160245,147880,164691,85576,79115,39056,20818,18238,95906,49288,46618,8472,4563,3909
1997,0,TEXAS,00-04,1661595,849092,812503,721284,369896,351388,201732,102289,99443,691482,352628,338854,47097,24279,22818
1997,0,TEXAS,05-09,1584284,809704,774580,767268,393956,373312,208725,105890,102835,570570,290514,280056,37721,19344,18377
1997,0,TEXAS,10-14,1482716,757915,724801,761447,390402,371045,189878,96325,93553,497072,253667,243405,34319,17521,16798
1997,0,TEXAS,15-19,1516173,777973,738200,793595,407704,385891,197923,101600,96323,487000,248979,238021,37655,19690,17965
1997,0,TEXAS,20-24,1521814,793179,728635,803780,418447,385333,196598,104514,92084,479888,247954,231934,41548,22264,19284
1997,0,TEXAS,25-29,1432008,736216,695792,750433,380971,369462,185963,96559,89404,456347,238269,218078,39265,20417,18848
1997,0,TEXAS,30-34,1520244,768992,751252,848269,421917,426352,189887,94919,94968,440712,231289,209423,41376,20867,20509
1997,0,TEXAS,35-39,1610254,808452,801802,963355,482246,481109,192072,93146,98926,411908,212072,199836,42919,20988,21931
1997,0,TEXAS,40-44,1479289,738581,740708,919757,461529,458228,170915,81761,89154,347940,175807,172133,40677,19484,21193
1997,0,TEXAS,45-49,1251280,617128,634152,806320,401755,404565,133566,61650,71916,275854,136802,139052,35540,16921,18619
1997,0,TEXAS,50-54,1004885,493682,511203,681856,339250,342606,93104,42884,50220,204676,99353,105323,25249,12195,13054
1997,0,TEXAS,55-59,767163,371836,395327,532414,261840,270574,70157,31636,38521,147556,69934,77622,17036,8426,8610
1997,0,TEXAS,60-64,648059,306264,341795,454398,219197,235201,59209,25651,33558,122572,55817,66755,11880,5599,6281
1997,0,TEXAS,65-69,579806,264991,314815,417644,194944,222700,50042,20807,29235,103482,45470,58012,8638,3770,4868
1997,0,TEXAS,70-74,509191,220733,288458,375722,164819,210903,42489,16765,25724,84650,36452,48198,6330,2697,3633
1997,0,TEXAS,75-79,396076,163199,232877,302846,125224,177622,32584,12521,20063,56376,23635,32741,4270,1819,2451
1997,0,TEXAS,80-84,254334,91995,162339,197267,71023,126244,20242,6719,13523,34556,13318,21238,2269,935,1334
1997,0,TEXAS, 85+,220166,62172,157994,166145,44815,121330,20646,5862,14784,31506,10782,20724,1869,713,1156
1997,0,TEXAS,15-44,9079782,4623393,4456389,5079189,2572814,2506375,1133358,572499,560859,2623795,1354370,1269425,243440,123710,119730
1997,0,TEXAS,15-49,10331062,5240521,5090541,5885509,2974569,2910940,1266924,634149,632775,2899649,1491172,1408477,278980,140631,138349
1997,0,TEXAS, 18+,13821135,6760253,7060882,8556459,4161327,4395132,1539884,738135,801749,3389826,1695169,1694657,334966,165622,169344
1997,0,TEXAS, 21+,12882577,6276273,6606304,8051475,3900719,4150756,1417868,674600,743268,3102634,1548286,1554348,310600,152668,157932
1997,0,TEXAS, 65+,1959573,803090,1156483,1459624,600825,858799,166003,62674,103329,310570,129657,180913,23376,9934,13442
1997,0,TEXAS, ALL,19439337,9632104,9807233,11263800,5549935,5713865,2255732,1101498,1154234,5444147,2742742,2701405,475658,237929,237729
1998,0,TEXAS,  00,338000,172738,165262,139650,71528,68122,39458,19988,19470,148249,75794,72455,10643,5428,5215
1998,0,TEXAS,  01,341545,174633,166912,143258,73606,69652,39844,20121,19723,147821,75440,72381,10622,5466,5156
1998,0,TEXAS,  02,332064,169757,162307,142486,73142,69344,38761,19620,19141,140919,71844,69075,9898,5151,4747
1998,0,TEXAS,  03,330139,168954,161185,144330,73969,70361,39659,20248,19411,136772,69898,66874,9378,4839,4539
1998,0,TEXAS,  04,332964,170147,162817,147415,75561,71854,41287,20932,20355,135170,68979,66191,9092,4675,4417
1998,0,TEXAS,  05,335460,171049,164411,150743,77233,73510,42824,21709,21115,133047,67581,65466,8846,4526,4320
1998,0,TEXAS,  06,335086,170969,164117,153815,78806,75009,43749,22251,21498,128973,65545,63428,8549,4367,4182
1998,0,TEXAS,  07,333821,170459,163362,157662,80832,76830,43859,22210,21649,124074,63172,60902,8226,4245,3981
1998,0,TEXAS,  08,319137,163102,156035,156954,80680,76274,42274,21437,20837,112591,57156,55435,7318,3829,3489
1998,0,TEXAS,  09,305113,156136,148977,153052,78724,74328,40145,20335,19810,104701,53400,51301,7215,3677,3538
1998,0,TEXAS,  10,300580,153944,146636,151817,78032,73785,39337,20004,19333,102388,52362,50026,7038,3546,3492
1998,0,TEXAS,  11,297754,152467,145287,151604,77746,73858,38509,19494,19015,100796,51739,49057,6845,3488,3357
1998,0,TEXAS,  12,300675,153837,146838,154212,79066,75146,38482,19477,19005,101110,51828,49282,6871,3466,3405
1998,0,TEXAS,  13,299108,152536,146572,154340,78920,75420,38216,19415,18801,99560,50637,48923,6992,3564,3428
1998,0,TEXAS,  14,295227,150758,144469,152435,78115,74320,37499,19052,18447,98245,49959,48286,7048,3632,3416
1998,0,TEXAS,  15,300139,153444,146695,154957,79502,75455,38071,19379,18692,99866,50835,49031,7245,3728,3517
1998,0,TEXAS,  16,291569,149120,142449,150324,76925,73399,37089,18856,18233,97026,49629,47397,7130,3710,3420
1998,0,TEXAS,  17,303841,155476,148365,156208,79934,76274,39422,20182,19240,100652,51404,49248,7559,3956,3603
1998,0,TEXAS,  18,323896,166595,157301,171399,88396,83003,42836,22164,20672,101466,51778,49688,8195,4257,3938
1998,0,TEXAS,  19,331235,170918,160317,180272,92955,87317,43462,22600,20862,98892,50777,48115,8609,4586,4023
1998,0,TEXAS,  20,318617,164470,154147,173042,89193,83849,40871,21416,19455,96261,49330,46931,8443,4531,3912
1998,0,TEXAS,  21,311811,161862,149949,167785,87186,80599,39480,20962,18518,96031,49153,46878,8515,4561,3954
1998,0,TEXAS,00-04,1674712,856229,818483,717139,367806,349333,199009,100909,98100,708931,361955,346976,49633,25559,24074
1998,0,TEXAS,05-09,1628617,831715,796902,772226,396275,375951,212851,107942,104909,603386,306854,296532,40154,20644,19510
1998,0,TEXAS,10-14,1493344,763542,729802,764408,391879,372529,192043,97442,94601,502099,256525,245574,34794,17696,17098
1998,0,TEXAS,15-19,1550680,795553,755127,813160,417712,395448,200880,103181,97699,497902,254423,243479,38738,20237,18501
1998,0,TEXAS,20-24,1535140,798924,736216,814114,423458,390656,197423,104913,92510,481331,247894,233437,42272,22659,19613
1998,0,TEXAS,25-29,1471533,759331,712202,771465,393918,377547,191201,99999,91202,468098,244245,223853,40769,21169,19600
1998,0,TEXAS,30-34,1477477,747705,729772,811633,403312,408321,185295,93102,92193,439228,230426,208802,41321,20865,20456
1998,0,TEXAS,35-39,1616462,811642,804820,958277,478599,479678,192699,93484,99215,422140,218152,203988,43346,21407,21939
1998,0,TEXAS,40-44,1517998,757972,760026,938019,470411,467608,176512,84301,92211,361876,183272,178604,41591,19988,21603
1998,0,TEXAS,45-49,1284710,634215,650495,819797,408667,411130,139575,64552,75023,288330,143355,144975,37008,17641,19367
1998,0,TEXAS,50-54,1057489,519095,538394,712469,354014,358455,99152,45543,53609,218551,106453,112098,27317,13085,14232
1998,0,TEXAS,55-59,807185,392035,415150,560192,275970,284222,73229,33111,40118,155099,73726,81373,18665,9228,9437
1998,0,TEXAS,60-64,658929,311976,346953,461645,222921,238724,59067,25563,33504,125574,57469,68105,12643,6023,6620
1998,0,TEXAS,65-69,580324,265728,314596,416101,194710,221391,50213,20869,29344,104850,46140,58710,9160,4009,5151
1998,0,TEXAS,70-74,510952,221732,289220,375500,165355,210145,42235,16626,25609,86495,36883,49612,6722,2868,3854
1998,0,TEXAS,75-79,408431,169131,239300,309591,128699,180892,33343,12822,20521,60916,25657,35259,4581,1953,2628
1998,0,TEXAS,80-84,257727,94022,163705,200190,72740,127450,20258,6742,13516,34816,13512,21304,2463,1028,1435
1998,0,TEXAS, 85+,227904,64996,162908,170801,46857,123944,21163,5890,15273,33833,11441,22392,2107,808,1299
1998,0,TEXAS,15-44,9169290,4671127,4498163,5106668,2587410,2519258,1144010,578980,565030,2670575,1378412,1292163,248037,126325,121712
1998,0,TEXAS,15-49,10454000,5305342,5148658,5926465,2996077,2930388,1283585,643532,640053,2958905,1521767,1437138,285045,143966,141079
1998,0,TEXAS, 18+,14067392,6886017,7181375,8671465,4220982,4450483,1567663,752281,815382,3481495,1741180,1740315,346769,171574,175195
1998,0,TEXAS, 21+,13093644,6384034,6709610,8146752,3950438,4196314,1440494,686101,754393,3184876,1589295,1595581,321522,158200,163322
1998,0,TEXAS, 65+,1985338,815609,1169729,1472183,608361,863822,167212,62949,104263,320910,133633,187277,25033,10666,14367
1998,0,TEXAS, ALL,19759614,9795543,9964071,11386727,5613303,5773424,2286148,1116991,1169157,5593455,2818382,2775073,493284,246867,246417
1999,0,TEXAS,  00,352946,180221,172725,143883,73616,70267,40523,20584,19939,157216,80184,77032,11324,5837,5487
1999,0,TEXAS,  01,339267,173371,165896,140730,72078,68652,39477,19996,19481,148303,75816,72487,10757,5481,5276
1999,0,TEXAS,  02,342847,175288,167559,144321,74141,70180,39867,20141,19726,147922,75482,72440,10737,5524,5213
1999,0,TEXAS,  03,333462,170444,163018,143569,73684,69885,38810,19643,19167,141064,71905,69159,10019,5212,4807
1999,0,TEXAS,  04,331521,169645,161876,145387,74513,70874,39696,20262,19434,136940,69971,66969,9498,4899,4599
1999,0,TEXAS,  05,334160,170758,163402,148379,76060,72319,41311,20953,20358,135290,69022,66268,9180,4723,4457
1999,0,TEXAS,  06,336634,171644,164990,151698,77722,73976,42842,21721,21121,133163,67638,65525,8931,4563,4368
1999,0,TEXAS,  07,336272,171595,164677,154747,79298,75449,43780,22268,21512,129109,65613,63496,8636,4416,4220
1999,0,TEXAS,  08,335041,171080,163961,158593,81309,77284,43904,22234,21670,124227,63248,60979,8317,4289,4028
1999,0,TEXAS,  09,320315,163712,156603,157845,81144,76701,42284,21443,20841,112777,57252,55525,7409,3873,3536
1999,0,TEXAS,  10,306262,156712,149550,153876,79140,74736,40242,20388,19854,104832,53457,51375,7312,3727,3585
1999,0,TEXAS,  11,301760,154555,147205,152647,78454,74193,39430,20056,19374,102547,52443,50104,7136,3602,3534
1999,0,TEXAS,  12,298828,153025,145803,152384,78141,74243,38581,19541,19040,100937,51817,49120,6926,3526,3400
1999,0,TEXAS,  13,301783,154402,147381,154987,79457,75530,38584,19530,19054,101255,51898,49357,6957,3517,3440
1999,0,TEXAS,  14,300216,153093,147123,155113,79313,75800,38294,19454,18840,99720,50714,49006,7089,3612,3477
1999,0,TEXAS,  15,296259,151170,145089,153196,78406,74790,37582,19090,18492,98316,49981,48335,7165,3693,3472
1999,0,TEXAS,  16,301512,154077,147435,155861,79875,75986,38249,19482,18767,100006,50901,49105,7396,3819,3577
1999,0,TEXAS,  17,293529,150165,143364,151587,77503,74084,37376,19075,18301,97179,49693,47486,7387,3894,3493
1999,0,TEXAS,  18,324783,166875,157908,171740,88336,83404,42237,21868,20369,102553,52357,50196,8253,4314,3939
1999,0,TEXAS,  19,347129,179032,168097,188708,97446,91262,45394,23594,21800,104095,53267,50828,8932,4725,4207
1999,0,TEXAS,  20,327143,168864,158279,177877,91618,86259,42329,22184,20145,98299,50461,47838,8638,4601,4037
1999,0,TEXAS,  21,316665,164275,152390,171301,88727,82574,40506,21464,19042,96268,49476,46792,8590,4608,3982
1999,0,TEXAS,00-04,1700043,868969,831074,717890,368032,349858,198373,100626,97747,731445,373358,358087,52335,26953,25382
1999,0,TEXAS,05-09,1662422,848789,813633,771262,395533,375729,214121,108619,105502,634566,322773,311793,42473,21864,20609
1999,0,TEXAS,10-14,1508849,771787,737062,769007,394505,374502,195131,98969,96162,509291,260329,248962,35420,17984,17436
1999,0,TEXAS,15-19,1563212,801319,761893,821092,421566,399526,200838,103109,97729,502149,256199,245950,39133,20445,18688
1999,0,TEXAS,20-24,1553367,807636,745731,827193,429944,397249,199996,106199,93797,483357,248620,234737,42821,22873,19948
1999,0,TEXAS,25-29,1493327,772571,720756,783806,401719,382087,193639,102153,91486,474282,247056,227226,41600,21643,19957
1999,0,TEXAS,30-34,1443467,731204,712263,782286,389193,393093,181501,91541,89960,438434,229642,208792,41246,20828,20418
1999,0,TEXAS,35-39,1612891,809751,803140,946049,471165,474884,192624,93616,99008,430719,223313,207406,43499,21657,21842
1999,0,TEXAS,40-44,1549908,774265,775643,951734,477161,474573,181001,86435,94566,374655,190189,184466,42518,20480,22038
1999,0,TEXAS,45-49,1323874,654264,669610,840385,419027,421358,145116,67256,77860,300477,149914,150563,37896,18067,19829
1999,0,TEXAS,50-54,1108178,543712,564466,739283,367151,372132,106466,48803,57663,232690,113553,119137,29739,14205,15534
1999,0,TEXAS,55-59,845124,410680,434444,585145,288416,296729,76127,34349,41778,163719,78015,85704,20133,9900,10233
1999,0,TEXAS,60-64,672711,319237,353474,471013,227786,243227,59451,25811,33640,128744,59159,69585,13503,6481,7022
1999,0,TEXAS,65-69,581839,267226,314613,415693,195144,220549,50330,20896,29434,106159,46934,59225,9657,4252,5405
1999,0,TEXAS,70-74,510262,222036,288226,373184,165241,207943,41952,16504,25448,88103,37279,50824,7023,3012,4011
1999,0,TEXAS,75-79,418596,174086,244510,315095,131581,183514,33585,12995,20590,64977,27419,37558,4939,2091,2848
1999,0,TEXAS,80-84,261365,96192,165173,202768,74467,128301,20424,6722,13702,35619,13921,21698,2554,1082,1472
1999,0,TEXAS, 85+,234706,67683,167023,174933,48796,126137,21371,5866,15505,36039,12103,23936,2363,918,1445
1999,0,TEXAS,15-44,9216172,4696746,4519426,5112160,2590748,2521412,1149599,583053,566546,2703596,1395019,1308577,250817,127926,122891
1999,0,TEXAS,15-49,10540046,5351010,5189036,5952545,3009775,2942770,1294715,650309,644406,3004073,1544933,1459140,288713,145993,142720
1999,0,TEXAS, 18+,14281527,6996450,7285077,8769015,4272573,4496442,1591214,764608,826606,3564622,1782741,1781881,356676,176528,180148
1999,0,TEXAS, 21+,13282472,6481679,6800793,8230690,3995173,4235517,1461254,696962,764292,3259675,1626656,1633019,330853,162888,167965
1999,0,TEXAS, 65+,2006768,827223,1179545,1481673,615229,866444,167662,62983,104679,330897,137656,193241,26536,11355,15181
1999,0,TEXAS, ALL,20044141,9941407,10102734,11487818,5666427,5821391,2312046,1130469,1181577,5735425,2889776,2845649,508852,254735,254117
2000,0,TEXAS,  00,330770,169077,161693,129702,66683,63019,40315,20399,19916,150359,76610,73749,10394,5385,5009
2000,0,TEXAS,  01,325393,166153,159240,130504,66867,63637,40632,20710,19922,144077,73456,70621,10180,5120,5060
2000,0,TEXAS,  02,321275,164562,156713,129298,66586,62712,40743,20645,20098,140967,72197,68770,10267,5134,5133
2000,0,TEXAS,  03,321979,164457,157522,131469,67433,64036,40527,20413,20114,139470,71319,68151,10513,5292,5221
2000,0,TEXAS,  04,325211,166496,158715,133820,68617,65203,41591,21279,20312,139411,71292,68119,10389,5308,5081
2000,0,TEXAS,  05,323669,165607,158062,134137,68789,65348,41940,21340,20600,137612,70381,67231,9980,5097,4883
2000,0,TEXAS,  06,327755,167251,160504,136805,70212,66593,43511,22089,21422,137391,69823,67568,10048,5127,4921
2000,0,TEXAS,  07,332544,169729,162815,139458,71458,68000,45202,22909,22293,137913,70290,67623,9971,5072,4899
2000,0,TEXAS,  08,334736,171051,163685,144005,74140,69865,44925,22744,22181,136037,69150,66887,9769,5017,4752
2000,0,TEXAS,  09,335480,171321,164159,146798,75319,71479,45538,22996,22542,133519,68051,65468,9625,4955,4670
2000,0,TEXAS,  10,335067,171516,163551,149513,76801,72712,45844,23319,22525,130074,66424,63650,9636,4972,4664
2000,0,TEXAS,  11,324729,166177,158552,147280,75673,71607,43812,22397,21415,123739,63021,60718,9898,5086,4812
2000,0,TEXAS,  12,324495,165866,158629,148464,76264,72200,43303,21786,21517,123045,62935,60110,9683,4881,4802
2000,0,TEXAS,  13,322343,164768,157575,148794,76153,72641,42548,21648,20900,121605,62145,59460,9396,4822,4574
2000,0,TEXAS,  14,324558,166199,158359,151833,77811,74022,42563,21618,20945,120633,61918,58715,9529,4852,4677
2000,0,TEXAS,  15,323719,165762,157957,151054,77425,73629,41993,21415,20578,120933,61874,59059,9739,5048,4691
2000,0,TEXAS,  16,321759,166153,155606,148833,76383,72450,41261,21090,20171,121777,63607,58170,9888,5073,4815
2000,0,TEXAS,  17,331277,172588,158689,150786,77664,73122,42119,21705,20414,128203,67896,60307,10169,5323,4846
2000,0,TEXAS,  18,328769,171473,157296,148302,76271,72031,41664,21357,20307,128445,68576,59869,10358,5269,5089
2000,0,TEXAS,  19,330708,171486,159222,148868,75938,72930,42180,21184,20996,129037,68852,60185,10623,5512,5111
2000,0,TEXAS,  20,323645,167509,156136,143599,73009,70590,41199,20716,20483,128184,68263,59921,10663,5521,5142
2000,0,TEXAS,  21,305288,157886,147402,134403,67924,66479,38326,18970,19356,121886,65398,56488,10673,5594,5079
2000,0,TEXAS,00-04,1624628,830745,793883,654793,336186,318607,203808,103446,100362,714284,364874,349410,51743,26239,25504
2000,0,TEXAS,05-09,1654184,844959,809225,701203,359918,341285,221116,112078,109038,682472,347695,334777,49393,25268,24125
2000,0,TEXAS,10-14,1631192,834526,796666,745884,382702,363182,218070,110768,107302,619096,316443,302653,48142,24613,23529
2000,0,TEXAS,15-19,1636232,847462,788770,747843,383681,364162,209217,106751,102466,628395,330805,297590,50777,26225,24552
2000,0,TEXAS,20-24,1539404,794799,744605,674192,340702,333490,186757,92225,94532,622799,333078,289721,55656,28794,26862
2000,0,TEXAS,25-29,1591522,810965,780557,717738,361960,355778,188984,91620,97364,614526,322103,292423,70274,35282,34992
2000,0,TEXAS,30-34,1570561,798051,772510,760196,383922,376274,188719,90892,97827,554326,289571,264755,67320,33666,33654
2000,0,TEXAS,35-39,1688883,849270,839613,906291,453218,453073,205184,97802,107382,514557,266856,247701,62851,31394,31457
2000,0,TEXAS,40-44,1633355,819334,814021,945297,474752,470545,194800,94070,100730,435336,222852,212484,57922,27660,30262
2000,0,TEXAS,45-49,1416178,702056,714122,861965,430239,431726,160155,76363,83792,343159,171521,171638,50899,23933,26966
2000,0,TEXAS,50-54,1194959,587762,607197,766384,381246,385138,120116,56491,63625,267332,130661,136671,41127,19364,21763
2000,0,TEXAS,55-59,896521,436105,460416,601565,296783,304782,83446,38344,45102,184459,87705,96754,27051,13273,13778
2000,0,TEXAS,60-64,701669,334695,366974,475335,230893,244442,65226,29184,36042,142289,65624,76665,18819,8994,9825
2000,0,TEXAS,65-69,610432,283517,326915,423444,200548,222896,55834,24136,31698,117758,52731,65027,13396,6102,7294
2000,0,TEXAS,70-74,532176,234965,297211,381509,171588,209921,45228,18150,27078,96070,41255,54815,9369,3972,5397
2000,0,TEXAS,75-79,424034,175337,248697,317722,131831,185891,33035,12720,20315,67509,28346,39163,5768,2440,3328
2000,0,TEXAS,80-84,267950,100142,167808,209056,78082,130974,20923,7154,13769,34896,13676,21220,3075,1230,1845
2000,0,TEXAS, 85+,237940,68220,169720,184299,51141,133158,21035,5867,15168,30403,10412,19991,2203,800,1403
2000,0,TEXAS,15-44,9659957,4919881,4740076,4751557,2398235,2353322,1173661,573360,600301,3369939,1765265,1604674,364800,183021,181779
2000,0,TEXAS,15-49,11076135,5621937,5454198,5613522,2828474,2785048,1333816,649723,684093,3713098,1936786,1776312,415699,206954,208745
2000,0,TEXAS, 18+,14965061,7338177,7626884,8522163,4139114,4383049,1653286,777559,875727,4282901,2173819,2109082,506711,247685,259026
2000,0,TEXAS, 21+,13981939,6827709,7154230,8081394,3913896,4167498,1528243,714302,813941,3897235,1968128,1929107,475067,231383,243684
2000,0,TEXAS, 65+,2072532,862181,1210351,1516030,633190,882840,176055,68027,108028,346636,146420,200216,33811,14544,19267
2000,0,TEXAS, ALL,20851820,10352910,10498910,11074716,5449392,5625324,2421653,1168061,1253592,6669666,3396208,3273458,685785,339249,346536
2003,0,Texas,00,369692,188434,181258,137668,70204,67464,40451,20586,19865,177867,90631,87236,13706,7013,6693
2003,0,Texas,01,363326,185191,178135,138329,70499,67830,40176,20470,19706,171689,87513,84176,13132,6709,6423
2003,0,Texas,02,355776,181365,174411,138833,70768,68065,39772,20276,19496,164557,83889,80668,12614,6432,6182
2003,0,Texas,03,334666,170959,163707,131346,67378,63968,40257,20414,19843,152196,77555,74641,10867,5612,5255
2003,0,Texas,04,324892,165959,158933,129461,66386,63075,40911,20825,20086,144222,73537,70685,10298,5211,5087
2003,0,Texas,05,321305,164436,156869,128871,66271,62600,41196,20912,20284,140781,72031,68750,10457,5222,5235
2003,0,Texas,06,321803,164494,157309,130265,66877,63388,41124,20773,20351,139559,71402,68157,10855,5442,5413
2003,0,Texas,07,325489,166547,158942,132629,68009,64620,41825,21328,20497,140072,71645,68427,10963,5565,5398
2003,0,Texas,08,326550,167107,159443,133551,68487,65064,42352,21591,20761,139845,71510,68335,10802,5519,5283
2003,0,Texas,09,330862,168960,161902,135660,69616,66044,43649,22161,21488,140594,71600,68994,10959,5583,5376
2003,0,Texas,10,338420,172769,165651,138564,71016,67548,45573,23106,22467,143159,72986,70173,11124,5661,5463
2003,0,Texas,11,344510,176069,168441,143025,73539,69486,46197,23420,22777,144160,73404,70756,11128,5706,5422
2003,0,Texas,12,348338,177936,170402,146804,75358,71446,46942,23734,23208,143491,73137,70354,11101,5707,5394
2003,0,Texas,13,348868,178429,170439,149843,76926,72917,47369,24087,23282,140546,71686,68860,11110,5730,5380
2003,0,Texas,14,340848,174388,166460,148943,76501,72442,45910,23449,22461,134684,68624,66060,11311,5814,5497
2003,0,Texas,15,337909,172831,165078,149200,76628,72572,44961,22758,22203,132587,67793,64794,11161,5652,5509
2003,0,Texas,16,336808,172559,164249,149875,76815,73060,44379,22585,21794,131637,67580,64057,10917,5579,5338
2003,0,Texas,17,338693,174075,164618,151875,77808,74067,44202,22571,21631,131643,68098,63545,10973,5598,5375
2003,0,Texas,18,343661,177027,166634,154490,79046,75444,44253,22691,21562,133625,69460,64165,11293,5830,5463
2003,0,Texas,19,344549,178896,165653,153773,78865,74908,43358,22201,21157,135800,71834,63966,11618,5996,5622
2003,0,Texas,20,346434,181594,164840,150477,77483,72994,43288,22299,20989,140973,75739,65234,11696,6073,5623
2003,0,Texas,21,344615,181028,163587,147304,75742,71562,42580,21729,20851,142879,77452,65427,11852,6105,5747
2003,0,Texas,00-04,1748352,891908,856444,675637,345235,330402,201567,102571,98996,810531,413125,397406,60617,30977,29640
2003,0,Texas,05-09,1626009,831544,794465,660976,339260,321716,210146,106765,103381,700851,358188,342663,54036,27331,26705
2003,0,Texas,10-14,1720984,879591,841393,727179,373340,353839,231991,117796,114195,706040,359837,346203,55774,28618,27156
2003,0,Texas,15-19,1701620,875388,826232,759213,389162,370051,221153,112806,108347,665292,344765,320527,55962,28655,27307
2003,0,Texas,20-24,1700072,888807,811265,720428,368086,352342,209523,105672,103851,710150,383974,326176,59971,31075,28896
2003,0,Texas,25-29,1619382,834770,784612,667827,335468,332359,180762,87920,92842,701167,375782,325385,69626,35600,34026
2003,0,Texas,30-34,1700966,864753,836213,763070,384613,378457,194765,93415,101350,660407,345411,314996,82724,41314,41410
2003,0,Texas,35-39,1637967,828247,809720,791325,397844,393481,197582,94217,103365,574885,299053,275832,74175,37133,37042
2003,0,Texas,40-44,1714996,861738,853258,932264,466895,465369,205136,98435,106701,507998,262353,245645,69598,34055,35543
2003,0,Texas,45-49,1574996,784761,790235,918370,458591,459779,183233,88328,94905,410820,208087,202733,62573,29755,32818
2003,0,Texas,50-54,1329627,654232,675395,811501,402870,408631,145362,68776,76586,319311,157642,161669,53453,24944,28509
2003,0,Texas,55-59,1073938,524495,549443,698224,345287,352937,100688,46716,53972,236675,114173,122502,38351,18319,20032
2003,0,Texas,60-64,795645,382394,413251,533938,260475,273463,72940,33251,39689,162780,76026,86754,25987,12642,13345
2003,0,Texas,65-69,640039,299442,340597,431940,205978,225962,58409,25588,32821,131363,59221,72142,18327,8655,9672
2003,0,Texas,70-74,543751,244682,299069,379348,174409,204939,47056,19341,27715,104243,45189,59054,13104,5743,7361
2003,0,Texas,75-79,437130,183494,253636,317852,135328,182524,34517,13112,21405,76849,31830,45019,7912,3224,4688
2003,0,Texas,80-84,303777,117711,186066,230812,89481,141331,22620,8062,14558,45974,18368,27606,4371,1800,2571
2003,0,Texas,85+,249258,75886,173372,193396,57743,135653,20567,5764,14803,32117,11213,20904,3178,1166,2012
2003,0,Texas,15-44,10075003,5153703,4921300,4634127,2342068,2292059,1208921,592465,616456,3819899,2011338,1808561,412056,207832,204224
2003,0,Texas,15-49,11649999,5938464,5711535,5552497,2800659,2751838,1392154,680793,711361,4230719,2219425,2011294,474629,237587,237042
2003,0,Texas,18+,16009754,7901335,8108419,8698558,4240979,4457579,1760771,833489,927282,4944164,2529616,2414548,606261,297251,309010
2003,0,Texas,21+,14975110,7363818,7611292,8239818,4005585,4234233,1629872,766298,863574,4533766,2312583,2221183,571654,279352,292302
2003,0,Texas,65+,2173955,921215,1252740,1553348,662939,890409,183169,71867,111302,390546,165821,224725,46892,20588,26304
2003,0,Texas,ALL,22118509,11023843,11094666,11213300,5530065,5683235,2538017,1228535,1309482,7557453,3864237,3693216,809739,401006,408733
2004,0,Texas,00,375385,191467,183918,136545,69723,66822,40847,20771,20076,183899,93766,90133,14094,7207,6887
2004,0,Texas,01,369141,188139,181002,137244,69945,67299,40489,20633,19856,177868,90661,87207,13540,6900,6640
2004,0,Texas,02,361398,184203,177195,137589,70125,67464,40083,20429,19654,170659,86985,83674,13067,6664,6403
2004,0,Texas,03,353998,180408,173590,138124,70384,67740,39718,20235,19483,163616,83394,80222,12540,6395,6145
2004,0,Texas,04,333428,170335,163093,130705,67041,63664,40333,20469,19864,151459,77194,74265,10931,5631,5300
2004,0,Texas,05,324007,165530,158477,128867,66091,62776,40947,20859,20088,143808,73324,70484,10385,5256,5129
2004,0,Texas,06,320763,164129,156634,128297,65966,62331,41196,20921,20275,140648,71948,68700,10622,5294,5328
2004,0,Texas,07,321793,164503,157290,129701,66582,63119,41169,20803,20366,139844,71566,68278,11079,5552,5527
2004,0,Texas,08,326010,166785,159225,132093,67719,64374,41857,21333,20524,140817,72020,68797,11243,5713,5530
2004,0,Texas,09,327665,167663,160002,133022,68208,64814,42385,21600,20785,141079,72156,68923,11179,5699,5480
2004,0,Texas,10,333994,170607,163387,135356,69443,65913,43962,22332,21630,143261,73013,70248,11415,5819,5596
2004,0,Texas,11,342439,174840,167599,138434,70945,67489,45956,23335,22621,146434,74651,71783,11615,5909,5706
2004,0,Texas,12,348729,178173,170556,143028,73526,69502,46596,23611,22985,147478,75084,72394,11627,5952,5675
2004,0,Texas,13,352652,180154,172498,146847,75381,71466,47390,23996,23394,146825,74804,72021,11590,5973,5617
2004,0,Texas,14,352611,180309,172302,149767,76869,72898,47782,24309,23473,143435,73147,70288,11627,5984,5643
2004,0,Texas,15,344783,176471,168312,148856,76455,72401,46273,23652,22621,137848,70314,67534,11806,6050,5756
2004,0,Texas,16,342521,175468,167053,149318,76731,72587,45468,23046,22422,136075,69774,66301,11660,5917,5743
2004,0,Texas,17,341307,175232,166075,149489,76581,72908,44799,22855,21944,135600,69969,65631,11419,5827,5592
2004,0,Texas,18,347644,179009,168635,154230,78881,75349,45089,23075,22014,136736,71128,65608,11589,5925,5664
2004,0,Texas,19,349887,180671,169216,155426,79624,75802,44414,22689,21725,138135,72209,65926,11912,6149,5763
2004,0,Texas,20,344452,179528,164924,149166,76606,72560,43202,22144,21058,140154,74639,65515,11930,6139,5791
2004,0,Texas,21,350188,183902,166286,148712,76470,72242,43182,22121,21061,146167,78991,67176,12127,6320,5807
2004,0,Texas,00-04,1793350,914552,878798,680207,347218,332989,201470,102537,98933,847501,432000,415501,64172,32797,31375
2004,0,Texas,05-09,1620238,828610,791628,651980,334566,317414,207554,105516,102038,706196,361014,345182,54508,27514,26994
2004,0,Texas,10-14,1730425,884083,846342,713432,366164,347268,231686,117583,114103,727433,370699,356734,57874,29637,28237
2004,0,Texas,15-19,1726142,886851,839291,757319,388272,369047,226043,115317,110726,684394,353394,331000,58386,29868,28518
2004,0,Texas,20-24,1738031,910275,827756,730027,373892,356135,213394,108190,105204,732863,396275,336588,61747,31918,29829
2004,0,Texas,25-29,1650697,854155,796542,669062,335829,333233,183488,89583,93905,728756,393073,335683,69391,35670,33721
2004,0,Texas,30-34,1715637,873654,841983,742446,373975,368471,193465,92779,100686,694174,364140,330034,85552,42760,42792
2004,0,Texas,35-39,1638488,830156,808332,768480,387388,381092,194562,92975,101587,596809,310460,286349,78637,39333,39304
2004,0,Texas,40-44,1727138,867786,859352,915150,457538,457612,206151,98628,107523,531651,274945,256706,74186,36675,37511
2004,0,Texas,45-49,1610732,804421,806311,923779,462019,461760,188789,91128,97661,431713,219656,212057,66451,31618,34833
2004,0,Texas,50-54,1371527,675355,696172,827448,410564,416884,151408,71902,79506,335994,166379,169615,56677,26510,30167
2004,0,Texas,55-59,1126240,550038,576202,720745,356126,364619,108483,50538,57945,253972,123015,130957,43040,20359,22681
2004,0,Texas,60-64,835039,401849,433190,557286,272278,285008,75966,34541,41425,173111,81064,92047,28676,13966,14710
2004,0,Texas,65-69,653403,306546,346857,438644,209642,229002,59168,26053,33115,135307,61225,74082,20284,9626,10658
2004,0,Texas,70-74,546304,246972,299332,377590,174205,203385,47686,19855,27831,106746,46565,60181,14282,6347,7935
2004,0,Texas,75-79,439751,186058,253693,316510,136311,180199,34931,13250,21681,79507,32870,46637,8803,3627,5176
2004,0,Texas,80-84,312499,121714,190785,235251,91740,143511,22935,8205,14730,49398,19761,29637,4915,2008,2907
2004,0,Texas,85+,254381,78893,175488,197038,60126,136912,20662,5851,14811,33173,11640,21533,3508,1276,2232
2004,0,Texas,15-44,10196133,5222877,4973256,4582484,2316894,2265590,1217103,597472,619631,3968647,2092287,1876360,427899,216224,211675
2004,0,Texas,15-49,11806865,6027298,5779567,5506263,2778913,2727350,1405892,688600,717292,4400360,2311943,2088417,494350,247842,246508
2004,0,Texas,18+,16317398,8067552,8249846,8729112,4260138,4468974,1790591,849242,941349,5158045,2644405,2513640,639650,313767,325883
2004,0,Texas,21+,15275415,7528344,7747071,8270290,4025027,4245263,1657886,781334,876552,4743020,2426429,2316591,604219,295554,308665
2004,0,Texas,65+,2206338,940183,1266155,1565033,672024,893009,185382,73214,112168,404131,172061,232070,51792,22884,28908
2004,0,Texas,ALL,22490022,11221968,11268054,11222394,5537853,5684541,2567841,1244431,1323410,7848698,4018175,3830523,851089,421509,429580
2005,0,Texas,00,381367,194602,186765,136252,69657,66595,41331,20992,20339,189498,96647,92851,14286,7306,6980
2005,0,Texas,01,374972,191137,183835,136282,69458,66824,40866,20829,20037,183896,93745,90151,13928,7105,6823
2005,0,Texas,02,367062,187099,179963,136503,69576,66927,40406,20594,19812,176657,90046,86611,13496,6883,6613
2005,0,Texas,03,359462,183194,176268,136896,69757,67139,40027,20392,19635,169542,86413,83129,12997,6632,6365
2005,0,Texas,04,352468,179631,172837,137425,70015,67410,39806,20289,19517,162642,82908,79734,12595,6419,6176
2005,0,Texas,05,332347,169775,162572,130076,66725,63351,40378,20494,19884,150891,76905,73986,11002,5651,5351
2005,0,Texas,06,323297,165150,158147,128279,65780,62499,40953,20870,20083,143515,73173,70342,10550,5327,5223
2005,0,Texas,07,320634,164076,156558,127738,65672,62066,41246,20944,20302,140790,72036,68754,10860,5424,5436
2005,0,Texas,08,322189,164718,157471,129172,66320,62852,41174,20803,20371,140493,71902,68591,11350,5693,5657
2005,0,Texas,09,326990,167315,159675,131581,67467,64114,41890,21343,20547,141897,72593,69304,11622,5912,5710
2005,0,Texas,10,330670,169256,161414,132719,68056,64663,42701,21763,20938,143597,73500,70097,11653,5937,5716
2005,0,Texas,11,337962,172643,165319,135192,69349,65843,44390,22575,21815,146418,74621,71797,11962,6098,5864
2005,0,Texas,12,346603,176928,169675,138406,70927,67479,46380,23529,22851,149662,76276,73386,12155,6196,5959
2005,0,Texas,13,352974,180285,172689,143026,73500,69526,47046,23849,23197,150778,76731,74047,12124,6205,5919
2005,0,Texas,14,356442,182072,174370,146752,75312,71440,47806,24217,23589,149762,76312,73450,12122,6231,5891
2005,0,Texas,15,356511,182395,174116,149640,76811,72829,48148,24513,23635,146510,74785,71725,12213,6286,5927
2005,0,Texas,16,349322,179069,170253,148931,76541,72390,46759,23923,22836,141282,72276,69006,12350,6329,6021
2005,0,Texas,17,346905,178141,168764,148866,76474,72392,45896,23335,22561,139966,72151,67815,12177,6181,5996
2005,0,Texas,18,350128,180086,170042,151767,77596,74171,45686,23359,22327,140645,72996,67649,12030,6135,5895
2005,0,Texas,19,353637,182525,171112,155055,79405,75650,45218,23060,22158,141144,73807,67337,12220,6253,5967
2005,0,Texas,20,349431,181123,168308,150697,77306,73391,44212,22615,21597,142281,74897,67384,12241,6305,5936
2005,0,Texas,21,348163,181812,166351,147375,75574,71801,43072,21945,21127,145349,77906,67443,12367,6387,5980
2005,0,Texas,00-04,1835331,935663,899668,683358,348463,334895,202436,103096,99340,882235,449759,432476,67302,34345,32957
2005,0,Texas,05-09,1625457,831034,794423,646846,331964,314882,205641,104454,101187,717586,366609,350977,55384,28007,27377
2005,0,Texas,10-14,1724651,881184,843467,696095,357144,338951,228323,115933,112390,740217,377440,362777,60016,30667,29349
2005,0,Texas,15-19,1756503,902216,854287,754259,386827,367432,231707,118190,113517,709547,366015,343532,60990,31184,29806
2005,0,Texas,20-24,1761342,922553,838789,734104,376450,357654,215719,109658,106061,748139,403752,344387,63380,32693,30687
2005,0,Texas,25-29,1692734,878823,813911,676309,339704,336605,189182,92753,96429,757727,410475,347252,69516,35891,33625
2005,0,Texas,30-34,1719696,878275,841421,715770,360085,355685,189460,91060,98400,727134,383374,343760,87332,43756,43576
2005,0,Texas,35-39,1664646,844270,820376,763572,385707,377865,193570,92398,101172,623388,324211,299177,84116,41954,42162
2005,0,Texas,40-44,1721599,865224,856375,885005,442037,442968,205908,98236,107672,552181,285871,266310,78505,39080,39425
2005,0,Texas,45-49,1645981,823380,822601,926870,463749,463121,193461,93532,99929,455297,232551,222746,70353,33548,36805
2005,0,Texas,50-54,1417028,699348,717680,845852,419972,425880,157891,75302,82589,353240,175865,177375,60045,28209,31836
2005,0,Texas,55-59,1186287,579583,606704,748500,369924,378576,117343,54937,62406,272297,132101,140196,48147,22621,25526
2005,0,Texas,60-64,868765,418501,450264,573777,280480,293297,78979,36038,42941,184473,86731,97742,31536,15252,16284
2005,0,Texas,65-69,664908,312761,352147,443693,212446,231247,59992,26507,33485,138905,63198,75707,22318,10610,11708
2005,0,Texas,70-74,551494,250511,300983,377838,174985,202853,48378,20355,28023,109839,48200,61639,15439,6971,8468
2005,0,Texas,75-79,443660,189147,254513,316337,137600,178737,35319,13433,21886,82330,34138,48192,9674,3976,5698
2005,0,Texas,80-84,318039,124195,193844,237836,93332,144504,23107,8197,14910,51938,20614,31324,5158,2052,3106
2005,0,Texas,85+,261847,82779,179068,202229,63065,139164,21009,6054,14955,35136,12383,22753,3473,1277,2196
2005,0,Texas,15-44,10316520,5291361,5025159,4529019,2290810,2238209,1225546,602295,623251,4118116,2173698,1944418,443839,224558,219281
2005,0,Texas,15-49,11962501,6114741,5847760,5455889,2754559,2701330,1419007,695827,723180,4573413,2406249,2167164,514192,258106,256086
2005,0,Texas,18+,16621791,8231961,8389830,8754514,4276537,4477977,1820222,864879,955343,5373813,2760267,2613546,673242,330278,342964
2005,0,Texas,21+,15568595,7688227,7880368,8296995,4042230,4254765,1685106,795845,889261,4949743,2538567,2411176,636751,311585,325166
2005,0,Texas,65+,2239948,959393,1280555,1577933,681428,896505,187805,74546,113259,418148,178533,239615,56062,24886,31176
2005,0,Texas,ALL,22859968,11419447,11440521,11228250,5543934,5684316,2597425,1260133,1337292,8141609,4173287,3968322,892684,442093,450591
2006,0,Texas,00,388970,198432,190538,136842,69907,66935,43551,22133,21418,193779,98833,94946,14798,7559,7239
2006,0,Texas,01,384487,195955,188532,136323,69471,66852,43139,21974,21165,190688,97202,93486,14337,7308,7029
2006,0,Texas,02,377098,192202,184896,136687,69666,67021,42753,21789,20964,183720,93636,90084,13938,7111,6827
2006,0,Texas,03,369230,188172,181058,136925,69777,67148,42324,21566,20758,176490,89948,86542,13491,6881,6610
2006,0,Texas,04,362070,184570,177500,137355,69997,67358,42047,21447,20600,169528,86429,83099,13140,6697,6443
2006,0,Texas,05,355398,181132,174266,137943,70286,67657,41791,21305,20486,162932,83059,79873,12732,6482,6250
2006,0,Texas,06,335469,171357,164112,130544,66962,63582,42306,21490,20816,151403,77137,74266,11216,5768,5448
2006,0,Texas,07,326942,167026,159916,128756,66009,62747,42918,21882,21036,144435,73658,70777,10833,5477,5356
2006,0,Texas,08,324855,166249,158606,128231,65933,62298,43216,21948,21268,142205,72776,69429,11203,5592,5611
2006,0,Texas,09,327068,167201,159867,129683,66578,63105,43185,21817,21368,142382,72876,69506,11818,5930,5888
2006,0,Texas,10,333889,170899,162990,132310,67836,64474,44202,22547,21655,145211,74341,70870,12166,6175,5991
2006,0,Texas,11,338648,173324,165324,133626,68502,65124,45175,23058,22117,147582,75511,72071,12265,6253,6012
2006,0,Texas,12,346359,176910,169449,136236,69901,66335,47001,23885,23116,150577,76733,73844,12545,6391,6154
2006,0,Texas,13,355376,181344,174032,139533,71505,68028,49135,24933,24202,153950,78410,75540,12758,6496,6262
2006,0,Texas,14,361481,184646,176835,144106,74042,70064,49853,25292,24561,154771,78780,75991,12751,6532,6219
2006,0,Texas,15,365223,186601,178622,147858,75876,71982,50654,25661,24993,153947,78510,75437,12764,6554,6210
2006,0,Texas,16,365782,187434,178348,150944,77521,73423,51110,26058,25052,150927,77261,73666,12801,6594,6207
2006,0,Texas,17,358369,184100,174269,149721,76914,72807,49529,25386,24143,146165,75154,71011,12954,6646,6308
2006,0,Texas,18,360300,185282,175018,152415,78142,74273,48990,24924,24066,145992,75673,70319,12903,6543,6360
2006,0,Texas,19,360635,185917,174718,153940,78816,75124,47916,24391,23525,146014,76177,69837,12765,6533,6232
2006,0,Texas,20,357648,185198,172450,151752,77805,73947,47047,23976,23071,146192,76948,69244,12657,6469,6188
2006,0,Texas,21,357521,185654,171867,150352,77042,73310,46063,23395,22668,148293,78585,69708,12813,6632,6181
2006,0,Texas,00-04,1881855,959331,922524,684132,348818,335314,213814,108909,104905,914205,466048,448157,69704,35556,34148
2006,0,Texas,05-09,1669732,852965,816767,655157,335768,319389,213416,108442,104974,743357,379506,363851,57802,29249,28553
2006,0,Texas,10-14,1735753,887123,848630,685811,351786,334025,235366,119715,115651,752091,383775,368316,62485,31847,30638
2006,0,Texas,15-19,1810309,929334,880975,754878,387269,367609,248199,126420,121779,743045,382775,360270,64187,32870,31317
2006,0,Texas,20-24,1800382,941828,858554,741913,380618,361295,227840,115866,111974,765187,411623,353564,65442,33721,31721
2006,0,Texas,25-29,1763853,918679,845174,695203,349784,345419,204765,100789,103976,793071,431435,361636,70814,36671,34143
2006,0,Texas,30-34,1741540,892871,848669,695236,349620,345616,193624,93013,100611,764126,405680,358446,88554,44558,43996
2006,0,Texas,35-39,1731404,877249,854155,776919,392556,384363,204669,97186,107483,659231,342379,316852,90585,45128,45457
2006,0,Texas,40-44,1725534,868202,857332,854628,427026,427602,213299,101642,111657,574174,297829,276345,83433,41705,41728
2006,0,Texas,45-49,1697586,849504,848082,935523,467894,467629,206664,99694,106970,480662,246103,234559,74737,35813,38924
2006,0,Texas,50-54,1482275,732711,749564,871735,432894,438841,172066,82394,89672,374026,186986,187040,64448,30437,34011
2006,0,Texas,55-59,1252793,611874,640919,777111,383797,393314,131664,61730,69934,290529,141362,149167,53489,24985,28504
2006,0,Texas,60-64,915371,441833,473538,595966,291842,304124,85686,39215,46471,198653,93889,104764,35066,16887,18179
2006,0,Texas,65-69,689632,325153,364479,456691,218893,237798,64037,28418,35619,144078,65902,78176,24826,11940,12886
2006,0,Texas,70-74,561735,255755,305980,379784,176324,203460,51054,21572,29482,113746,50031,63715,17151,7828,9323
2006,0,Texas,75-79,450190,193596,256594,317435,139534,177901,36710,14093,22617,84984,35334,49650,11061,4635,6426
2006,0,Texas,80-84,324146,127203,196943,239329,94672,144657,24356,8577,15779,54481,21589,32892,5980,2365,3615
2006,0,Texas,85+,273693,88005,185688,209921,66689,143232,21954,6424,15530,37458,13301,24157,4360,1591,2769
2006,0,Texas,15-44,10573022,5428163,5144859,4518777,2286873,2231904,1292396,634916,657480,4298834,2271721,2027113,463015,234653,228362
2006,0,Texas,15-49,12270608,6277667,5992941,5454300,2754767,2699533,1499060,734610,764450,4779496,2517824,2261672,537752,270466,267286
2006,0,Texas,18+,17131069,8495662,8635407,8853749,4329101,4524648,1935294,919928,1015366,5626412,2895293,2731119,715614,351340,364274
2006,0,Texas,21+,16052486,7939265,8113221,8395642,4094338,4301304,1791341,846637,944704,5188214,2666495,2521719,677289,331795,345494
2006,0,Texas,65+,2299396,989712,1309684,1603160,696112,907048,198111,79084,119027,434747,186157,248590,63378,28359,35019
2006,0,Texas,ALL,23507783,11753216,11754567,11327372,5595784,5731588,2749183,1334099,1415084,8487104,4355547,4131557,944124,467786,476338
2001,--,Texas,' 00',357868,182542,175326,139804,71332,68472,39662,20210,19452,165682,84475,81207,12720,6525,6195
2001,--,Texas,' 01',336715,171981,164734,132344,67890,64454,40167,20360,19807,153258,78090,75168,10946,5641,5305
2001,--,Texas,' 02',326298,166652,159646,130390,66855,63535,40626,20677,19949,145040,73928,71112,10242,5192,5050
2001,--,Texas,' 03',321999,164780,157219,129715,66703,63012,40841,20716,20125,141169,72213,68956,10274,5148,5126
2001,--,Texas,' 04',321906,164579,157327,131085,67308,63777,40829,20610,20219,139431,71350,68081,10561,5311,5250
2001,--,Texas,' 05',324821,166210,158611,133439,68428,65011,41537,21173,20364,139285,71239,68046,10560,5370,5190
2001,--,Texas,' 06',324793,166170,158623,134279,68857,65422,42054,21433,20621,138161,70627,67534,10299,5253,5046
2001,--,Texas,' 07',327949,167473,160476,136355,69973,66382,43347,22016,21331,137952,70229,67723,10295,5255,5040
2001,--,Texas,' 08',333053,169965,163088,139058,71280,67778,44976,22789,22187,138729,70657,68072,10290,5239,5051
2001,--,Texas,' 09',336377,171856,164521,143121,73613,69508,45209,22897,22312,137871,70138,67733,10176,5208,4968
2001,--,Texas,' 10',339315,173377,165938,146601,75270,71331,45869,23190,22679,136712,69694,67018,10133,5223,4910
2001,--,Texas,' 11',339808,173859,165949,149474,76751,72723,46301,23542,22759,133913,68351,65562,10120,5215,4905
2001,--,Texas,' 12',332106,169926,162180,148609,76349,72260,44853,22877,21976,128314,65392,62922,10330,5308,5022
2001,--,Texas,' 13',329432,168399,161033,148976,76520,72456,43988,22236,21752,126259,64469,61790,10209,5174,5035
2001,--,Texas,' 14',327409,167346,160063,149427,76529,72898,43278,21968,21310,124757,63773,60984,9947,5076,4871
2001,--,Texas,' 15',328674,168292,160382,151754,77745,74009,43065,21880,21185,123879,63578,60301,9976,5089,4887
2001,--,Texas,' 16',329277,168898,160379,152103,78001,74102,42757,21814,20943,124230,63822,60408,10187,5261,4926
2001,--,Texas,' 17',328000,169495,158505,149936,76915,73021,42082,21578,20504,125621,65674,59947,10361,5328,5033
2001,--,Texas,' 18',338787,176513,162274,153329,78778,74551,43012,22210,20802,131705,69938,61767,10741,5587,5154
2001,--,Texas,' 19',339358,177314,162044,152677,78506,74171,42513,21799,20714,133100,71316,61784,11068,5693,5375
2001,--,Texas,' 20',335810,174957,160853,148807,76139,72668,42420,21451,20969,133450,71631,61819,11133,5736,5397
2001,--,Texas,' 21',330034,171346,158688,144248,73393,70855,41580,20829,20751,133058,71314,61744,11148,5810,5338
2001,--,Texas,'0-4',1664786,850534,814252,663338,340088,323250,202125,102573,99552,744580,380056,364524,54743,27817,26926
2001,--,Texas,'5-9',1646993,841674,805319,686252,352151,334101,217123,110308,106815,691998,352890,339108,51620,26325,25295
2001,--,Texas,'10-14',1668070,852907,815163,743087,381419,361668,224289,113813,110476,649955,331679,318276,50739,25996,24743
2001,--,Texas,'15-19',1664096,860512,803584,759799,389945,369854,213429,109281,104148,638535,334328,304207,52333,26958,25375
2001,--,Texas,'20-24',1593549,826228,767321,691334,350225,341109,195444,97293,98151,650591,349564,301027,56180,29146,27034
2001,--,Texas,'25-29',1585426,811814,773612,686051,345905,340146,183726,89187,94539,645158,341163,303995,70491,35559,34932
2001,--,Texas,'30-34',1625834,825387,800447,772769,390320,382449,191675,91913,99762,588536,306816,281720,72854,36338,36516
2001,--,Texas,'35-39',1668978,840970,828008,863456,431899,431557,202931,96783,106148,535608,278658,256950,66983,33630,33353
2001,--,Texas,'40-44',1675943,841161,834782,951220,477487,473733,200312,96471,103841,462779,237577,225202,61632,29626,32006
2001,--,Texas,'45-49',1479487,734781,744706,889575,443997,445578,168604,80759,87845,366341,184024,182317,54967,26001,28966
2001,--,Texas,'50-54',1267848,623454,644394,801197,398165,403032,131759,62055,69704,288629,141622,147007,46263,21612,24651
2001,--,Texas,'55-59',945538,461108,484430,626037,309460,316577,87835,40511,47324,201209,96293,104916,30457,14844,15613
2001,--,Texas,'60-64',727640,347835,379805,490844,238532,252312,67446,30316,37130,148182,68737,79445,21168,10250,10918
2001,--,Texas,'65-69',618748,287948,330800,424579,201528,223051,57002,24740,32262,122213,54805,67408,14954,6875,8079
2001,--,Texas,'70-74',537244,239456,297788,381747,173614,208133,45449,18453,26996,99355,42776,56579,10693,4613,6080
2001,--,Texas,'75-79',430853,179047,251806,318998,133564,185434,33863,12857,21006,71457,29914,41543,6535,2712,3823
2001,--,Texas,'80-84',282137,107061,175076,218398,82837,135561,21568,7602,13966,38674,15196,23478,3497,1426,2071
2001,--,Texas,'85+',241848,70936,170912,187699,53629,134070,20667,5717,14950,30894,10649,20245,2588,941,1647
2001,--,Texas,'15-44',9813826,5006072,4807754,4724629,2385781,2338848,1187517,580928,606589,3521207,1848106,1673101,380473,191257,189216
2001,--,Texas,'15-49',11293313,5740853,5552460,5614204,2829778,2784426,1356121,661687,694434,3887548,2032130,1855418,435440,217258,218182
2001,--,Texas,'18+',15359218,7551013,7808205,8609910,4188446,4421464,1693806,798666,895140,4514431,2299048,2215383,541071,264853,276218
2001,--,Texas,'21+',14345263,7022229,7323034,8155097,3955023,4200074,1565861,733206,832655,4116176,2086163,2030013,508129,247837,260292
2001,--,Texas,'65+',2110830,884448,1226382,1531421,645172,886249,178549,69369,109180,362593,153340,209253,38267,16567,21700
2001,--,Texas,'ALL',21325018,10602813,10722205,11156380,5494765,5661615,2465247,1190632,1274615,6974694,3556747,3417947,728697,360669,368028
2002,--,Texas,' 00',365151,186173,178978,138883,70855,68028,40310,20521,19789,172610,87976,84634,13348,6821,6527
2002,--,Texas,' 01',357956,182444,175512,139741,71220,68521,39891,20330,19561,165632,84419,81213,12692,6475,6217
2002,--,Texas,' 02',336620,171929,164691,132175,67797,64378,40344,20457,19887,153150,78029,75121,10951,5646,5305
2002,--,Texas,' 03',326368,166696,159672,130268,66801,63467,40881,20797,20084,144959,73894,71065,10260,5204,5056
2002,--,Texas,' 04',322486,165054,157432,129650,66673,62977,41188,20905,20283,141262,72280,68982,10386,5196,5190
2002,--,Texas,' 05',322656,164923,157733,131027,67262,63765,41145,20763,20382,139773,71523,68250,10711,5375,5336
2002,--,Texas,' 06',325881,166714,159167,133381,68390,64991,41846,21342,20504,139862,71504,68358,10792,5478,5314
2002,--,Texas,' 07',326371,167014,159357,134260,68843,65417,42369,21604,20765,139177,71177,68000,10565,5390,5175
2002,--,Texas,' 08',330100,168562,161538,136392,69989,66403,43643,22163,21480,139455,71007,68448,10610,5403,5207
2002,--,Texas,' 09',335737,171346,164391,139073,71289,67784,45309,22973,22336,140667,71645,69022,10688,5439,5249
2002,--,Texas,' 10',341016,174245,166771,143400,73731,69669,45846,23212,22634,141090,71837,69253,10680,5465,5215
2002,--,Texas,' 11',344715,176146,168569,147043,75496,71547,46592,23582,23010,140439,71593,68846,10641,5475,5166
2002,--,Texas,' 12',345246,176608,168638,150048,77046,73002,47011,23894,23117,137530,70179,67351,10657,5489,5168
2002,--,Texas,' 13',337631,172714,164917,149234,76660,72574,45577,23258,22319,131978,67231,64747,10842,5565,5277
2002,--,Texas,' 14',334535,171023,163512,149513,76768,72745,44678,22605,22073,129619,66211,63408,10725,5439,5286
2002,--,Texas,' 15',332701,170178,162523,149977,76824,73153,43939,22329,21610,128333,65682,62651,10452,5343,5109
2002,--,Texas,' 16',334707,171681,163026,152509,78185,74324,43853,22324,21529,127835,65802,62033,10510,5370,5140
2002,--,Texas,' 17',335194,172359,162835,152325,78087,74238,43449,22237,21212,128694,66496,62198,10726,5539,5187
2002,--,Texas,' 18',338522,175281,163241,152933,78325,74608,43249,22222,21027,131311,69065,62246,11029,5669,5360
2002,--,Texas,' 19',346751,181104,165647,155052,79745,75307,43488,22378,21110,136807,73023,63784,11404,5958,5446
2002,--,Texas,' 20',341260,178926,162334,149169,76796,72373,42705,21920,20785,137958,74357,63601,11428,5853,5575
2002,--,Texas,' 21',340889,177904,162985,147764,75494,72270,42591,21405,21186,138929,74991,63938,11605,6014,5591
2002,--,Texas,'0-4',1708581,872296,836285,670717,343346,327371,202614,103010,99604,777613,396598,381015,57637,29342,28295
2002,--,Texas,'5-9',1640745,838559,802186,674133,345773,328360,214312,108845,105467,698934,356856,342078,53366,27085,26281
2002,--,Texas,'10-14',1703143,870736,832407,739238,379701,359537,229704,116551,113153,680656,347051,333605,53545,27433,26112
2002,--,Texas,'15-19',1687875,870603,817272,762796,391166,371630,217978,111490,106488,652980,340068,312912,54121,27879,26242
2002,--,Texas,'20-24',1650120,859639,790481,706907,359677,347230,203462,101995,101467,681830,367983,313847,57921,29984,27937
2002,--,Texas,'25-29',1601768,822722,779046,673627,338845,334782,181683,88228,93455,675919,359796,316123,70539,35853,34686
2002,--,Texas,'30-34',1673745,850058,823687,775033,391191,383842,194552,93249,101303,625657,326442,299215,78503,39176,39327
2002,--,Texas,'35-39',1655772,835841,819931,827391,414835,412556,201337,96046,105291,556300,289495,266805,70744,35465,35279
2002,--,Texas,'40-44',1702242,854896,847346,947014,474975,472039,203637,97789,105848,486145,250392,235753,65446,31740,33706
2002,--,Texas,'45-49',1534724,763152,771572,908748,453458,455290,177081,85215,91866,389825,196497,193328,59070,27982,31088
2002,--,Texas,'50-54',1297128,637889,659239,804144,399353,404791,139252,65648,73604,303772,149560,154212,49960,23328,26632
2002,--,Texas,'55-59',1018436,497192,521244,670450,331613,338837,94186,43574,50612,219433,105398,114035,34367,16607,17760
2002,--,Texas,'60-64',759691,364244,395447,511052,248848,262204,70159,31825,38334,154993,72209,82784,23487,11362,12125
2002,--,Texas,'65-69',628890,293300,335590,427362,203314,224048,58145,25281,32864,126730,56936,69794,16653,7769,8884
2002,--,Texas,'70-74',541771,242826,298945,381377,174610,206767,46179,18856,27323,102360,44184,58176,11855,5176,6679
2002,--,Texas,'75-79',434658,181468,253190,318973,134619,184354,34243,12940,21303,74224,30969,43255,7218,2940,4278
2002,--,Texas,'80-84',295027,113301,181726,226385,86922,139463,22192,7905,14287,42526,16854,25672,3924,1620,2304
2002,--,Texas,'85+',245577,73302,172275,190634,55649,134985,20645,5741,14904,31417,10870,20547,2881,1042,1839
2002,--,Texas,'15-44',9971522,5093759,4877763,4692768,2370689,2322079,1202649,588797,613852,3678831,1934176,1744655,397274,200097,197177
2002,--,Texas,'15-49',11506246,5856911,5649335,5601516,2824147,2777369,1379730,674012,705718,4068656,2130673,1937983,456344,228079,228265
2002,--,Texas,'18+',15724822,7746215,7978607,8677082,4225979,4451103,1733490,818892,914598,4739249,2419673,2319576,575001,281671,293330
2002,--,Texas,'21+',14698289,7210904,7487385,8219928,3991113,4228815,1604048,752372,851676,4333173,2203228,2129945,541140,264191,276949
2002,--,Texas,'65+',2145923,904197,1241726,1544731,655114,889617,181404,70723,110681,377257,159813,217444,42531,18547,23984
2002,--,Texas,'ALL',21779893,10842024,10937869,11215981,5527895,5688086,2511361,1214188,1297173,7281314,3718158,3563156,771237,381783,389454
2007,--,Texas,' 00',394215,201070,193145,136097,69507,66590,44205,22497,21708,198813,101369,97444,15100,7697,7403
2007,--,Texas,' 01',387380,197467,189913,134721,68668,66053,43158,22001,21157,194931,99364,95567,14570,7434,7136
2007,--,Texas,' 02',382251,194836,187415,135687,69147,66540,43070,21953,21117,189203,96444,92759,14291,7292,6999
2007,--,Texas,' 03',374986,191130,183856,136049,69337,66712,42741,21789,20952,182302,92912,89390,13894,7092,6802
2007,--,Texas,' 04',367668,187417,180251,136338,69480,66858,42437,21643,20794,175312,89374,85938,13581,6920,6661
2007,--,Texas,' 05',360913,183962,176951,136806,69707,67099,42128,21488,20640,168726,86026,82700,13253,6741,6512
2007,--,Texas,' 06',354534,180688,173846,137382,69996,67386,41836,21338,20498,162428,82796,79632,12888,6558,6330
2007,--,Texas,' 07',335318,171297,164021,130067,66711,63356,42393,21529,20864,151410,77173,74237,11448,5884,5564
2007,--,Texas,' 08',327419,167244,160175,128295,65774,62521,42981,21895,21086,144996,73951,71045,11147,5624,5523
2007,--,Texas,' 09',325953,166818,159135,127801,65711,62090,43292,21993,21299,143251,73317,69934,11609,5797,5812
2007,--,Texas,' 10',330195,168830,161365,129462,66453,63009,43540,21999,21541,144848,74196,70652,12345,6182,6163
2007,--,Texas,' 11',337941,172981,164960,132236,67788,64448,44662,22803,21859,148298,75924,72374,12745,6466,6279
2007,--,Texas,' 12',342938,175490,167448,133668,68527,65141,45638,23295,22343,150800,77135,73665,12832,6533,6299
2007,--,Texas,' 13',350926,179179,171747,136334,69913,66421,47510,24156,23354,153955,78422,75533,13127,6688,6439
2007,--,Texas,' 14',359492,183452,176040,139523,71478,68045,49660,25224,24436,156994,79964,77030,13315,6786,6529
2007,--,Texas,' 15',365858,186980,178878,144093,74045,70048,50347,25564,24783,158059,80526,77533,13359,6845,6514
2007,--,Texas,' 16',370213,189499,180714,148046,76014,72032,51278,26029,25249,157552,80590,76962,13337,6866,6471
2007,--,Texas,' 17',370544,190287,180257,150600,77305,73295,51607,26376,25231,154936,79713,75223,13401,6893,6508
2007,--,Texas,' 18',367621,189160,178461,152158,78020,74138,50434,25878,24556,151363,78277,73086,13666,6985,6681
2007,--,Texas,' 19',366700,189043,177657,153461,78768,74693,49119,24914,24205,150533,78448,72085,13587,6913,6674
2007,--,Texas,' 20',360498,186449,174049,149465,76611,72854,47734,24307,23427,150163,78839,71324,13136,6692,6444
2007,--,Texas,' 21',361726,187646,174080,150276,76952,73324,46983,23818,23165,151318,80121,71197,13149,6755,6394
2007,--,Texas,'0-4',1906500,971920,934580,678892,346139,332753,215611,109883,105728,940561,479463,461098,71436,36435,35001
2007,--,Texas,'5-9',1704137,870009,834128,660351,337899,322452,212630,108243,104387,770811,393263,377548,60345,30604,29741
2007,--,Texas,'10-14',1721492,879932,841560,671223,344159,327064,231010,117477,113533,754895,385641,369254,64364,32655,31709
2007,--,Texas,'15-19',1840936,944969,895967,748358,384152,364206,252785,128761,124024,772443,397554,374889,67350,34502,32848
2007,--,Texas,'20-24',1817622,948437,869185,741964,380314,361650,231244,117464,113780,777146,416050,361096,67268,34609,32659
2007,--,Texas,'25-29',1819608,952392,867216,708844,358240,350604,212061,105138,106923,826081,451454,374627,72622,37560,35062
2007,--,Texas,'30-34',1755209,903201,852008,680276,341306,338970,190238,91440,98798,796120,425597,370523,88575,44858,43717
2007,--,Texas,'35-39',1776719,900637,876082,776893,392352,384541,206714,98122,108592,696022,361816,334206,97090,48347,48743
2007,--,Texas,'40-44',1706725,860463,846262,815995,408705,407290,210444,100338,110106,592449,307515,284934,87837,43905,43932
2007,--,Texas,'45-49',1717781,860213,857568,928030,463781,464249,208954,100509,108445,501800,257779,244021,78997,38144,40853
2007,--,Texas,'50-54',1531164,757998,773166,887331,440544,446787,179733,86534,93199,395187,198284,196903,68913,32636,36277
2007,--,Texas,'55-59',1277760,624246,653514,777571,383856,393715,138485,65035,73450,303944,148419,155525,57760,26936,30824
2007,--,Texas,'60-64',981731,474451,507280,636013,311715,324298,91349,41941,49408,215076,102056,113020,39293,18739,20554
2007,--,Texas,'65-69',716957,339136,377821,473693,227530,246163,66230,29684,36546,149622,68726,80896,27412,13196,14216
2007,--,Texas,'70-74',568917,259755,309162,381084,177462,203622,51743,21910,29833,117100,51591,65509,18990,8792,10198
2007,--,Texas,'75-79',452553,195874,256679,316368,140095,176273,37066,14332,22734,86907,36261,50646,12212,5186,7026
2007,--,Texas,'80-84',326063,128663,197400,238940,95392,143548,24426,8555,15871,56146,22177,33969,6551,2539,4012
2007,--,Texas,'85+',282506,92334,190172,215888,69782,146106,22153,6556,15597,39676,14228,25448,4789,1768,3021
2007,--,Texas,'15-44',10716819,5510099,5206720,4472330,2265069,2207261,1303486,641263,662223,4460261,2359986,2100275,480742,243781,236961
2007,--,Texas,'15-49',12434600,6370312,6064288,5400360,2728850,2671510,1512440,741772,770668,4962061,2617765,2344296,559739,281925,277814
2007,--,Texas,'18+',17465636,8676003,8789633,8884509,4347862,4536647,1970393,938350,1032043,5855172,3018678,2836494,755562,371113,384449
2007,--,Texas,'21+',16370817,8111351,8259466,8429425,4114463,4314962,1823106,863251,959855,5403113,2783114,2619999,715173,350523,364650
2007,--,Texas,'65+',2346996,1015762,1331234,1625973,710261,915712,201618,81037,120581,449451,192983,256468,69954,31481,38473
2007,--,Texas,'ALL',23904380,11964630,11939750,11337714,5603423,5734291,2782876,1351922,1430954,8791986,4517874,4274112,991804,491411,500393
2008,--,Texas,' 00',397130,202626,194504,133957,68387,65570,44484,22680,21804,202836,103473,99363,15853,8086,7767
2008,--,Texas,' 01',390985,199290,191695,133352,67961,65391,43347,22097,21250,199503,101686,97817,14783,7546,7237
2008,--,Texas,' 02',385512,196496,189016,134165,68374,65791,43205,22021,21184,193614,98683,94931,14528,7418,7110
2008,--,Texas,' 03',380529,193949,186580,135153,68877,66276,43183,21997,21186,187936,95792,92144,14257,7283,6974
2008,--,Texas,' 04',373825,190559,183266,135564,69086,66478,42955,21905,21050,181297,92422,88875,14009,7146,6863
2008,--,Texas,' 05',366888,187004,179884,135884,69239,66645,42605,21723,20882,174668,89051,85617,13731,6991,6740
2008,--,Texas,' 06',360473,183722,176751,136317,69466,66851,42268,21559,20709,168419,85853,82566,13469,6844,6625
2008,--,Texas,' 07',354628,180756,173872,136942,69767,67175,41998,21421,20577,162525,82862,79663,13163,6706,6457
2008,--,Texas,' 08',336077,171659,164418,129674,66512,63162,42517,21584,20933,152113,77529,74584,11773,6034,5739
2008,--,Texas,' 09',328765,167957,160808,127885,65563,62322,43133,21985,21148,146211,74600,71611,11536,5809,5727
2008,--,Texas,' 10',329332,168586,160746,127568,65574,61994,43724,22217,21507,145878,74726,71152,12162,6069,6093
2008,--,Texas,' 11',334528,171091,163437,129383,66403,62980,44076,22306,21770,148112,75879,72233,12957,6503,6454
2008,--,Texas,' 12',342429,175257,167172,132238,67787,64451,45190,23060,22130,151664,77636,74028,13337,6774,6563
2008,--,Texas,' 13',347709,177883,169826,133742,68546,65196,46238,23599,22639,154286,78877,75409,13443,6861,6582
2008,--,Texas,' 14',355341,181444,173897,136291,69900,66391,48107,24475,23632,157182,80074,77108,13761,6995,6766
2008,--,Texas,' 15',364258,185991,178267,139499,71479,68020,50242,25525,24717,160544,81867,78677,13973,7120,6853
2008,--,Texas,' 16',371292,190068,181224,144263,74179,70084,51068,25951,25117,161991,82784,79207,13970,7154,6816
2008,--,Texas,' 17',375523,192671,182852,147681,75789,71892,51896,26417,25479,161973,83278,78695,13973,7187,6786
2008,--,Texas,' 18',380305,195638,184667,153065,78422,74643,52607,26921,25686,160451,82996,77455,14182,7299,6883
2008,--,Texas,' 19',374722,193296,181426,153395,78736,74659,50676,25924,24752,156209,81227,74982,14442,7409,7033
2008,--,Texas,' 20',367198,189895,177303,149182,76653,72529,49031,24865,24166,154952,81267,73685,14033,7110,6923
2008,--,Texas,' 21',365282,189304,175978,148235,75881,72354,47762,24197,23565,155593,82217,73376,13692,7009,6683
2008,--,Texas,'0-4',1927981,982920,945061,672191,342685,329506,217174,110700,106474,965186,492056,473130,73430,37479,35951
2008,--,Texas,'5-9',1746831,891098,855733,666702,340547,326155,212521,108272,104249,803936,409895,394041,63672,32384,31288
2008,--,Texas,'10-14',1709339,874261,835078,659222,338210,321012,227335,115657,111678,757122,387192,369930,65660,33202,32458
2008,--,Texas,'15-19',1866100,957664,908436,737903,378605,359298,256489,130738,125751,801168,412152,389016,70540,36169,34371
2008,--,Texas,'20-24',1837780,956436,881344,740894,379593,361301,235691,119400,116291,791332,421666,369666,69863,35777,34086
2008,--,Texas,'25-29',1881535,988657,892878,725162,368066,357096,219343,109462,109881,861589,472107,389482,75441,39022,36419
2008,--,Texas,'30-34',1781703,920764,860939,676010,338764,337246,189826,91419,98407,827765,445694,382071,88102,44887,43215
2008,--,Texas,'35-39',1813123,920175,892948,766648,386699,379949,207972,98791,109181,735393,383327,352066,103110,51358,51752
2008,--,Texas,'40-44',1694158,855784,838374,781793,392689,389104,207478,98945,108533,612426,317995,294431,92461,46155,46306
2008,--,Texas,'45-49',1735656,869820,865836,915345,456774,458571,211560,101727,109833,524523,270277,254246,84228,41042,43186
2008,--,Texas,'50-54',1575943,781618,794325,898792,446443,452349,186985,90153,96832,416739,210150,206589,73427,34872,38555
2008,--,Texas,'55-59',1313310,641901,671409,786293,387980,398313,145461,68510,76951,319425,156445,162980,62131,28966,33165
2008,--,Texas,'60-64',1038345,502069,536276,663818,325309,338509,98298,45278,53020,232120,110657,121463,44109,20825,23284
2008,--,Texas,'65-69',752493,356910,395583,495572,238506,257066,69303,31234,38069,157168,72440,84728,30450,14730,15720
2008,--,Texas,'70-74',580365,265939,314426,385468,179895,205573,52393,22398,29995,121481,53768,67713,21023,9878,11145
2008,--,Texas,'75-79',455215,197975,257240,314829,140074,174755,38152,14881,23271,88641,37208,51433,13593,5812,7781
2008,--,Texas,'80-84',328563,130466,198097,237941,95916,142025,24895,8757,16138,58476,22970,35506,7251,2823,4428
2008,--,Texas,'85+',288534,95510,193024,218281,71459,146822,22584,6702,15882,42278,15356,26922,5391,1993,3398
2008,--,Texas,'15-44',10874399,5599480,5274919,4428410,2244416,2183994,1316799,648755,668044,4629673,2452941,2176732,499517,253368,246149
2008,--,Texas,'15-49',12610055,6469300,6140755,5343755,2701190,2642565,1528359,750482,777877,5154196,2723218,2430978,583745,294410,289335
2008,--,Texas,'18+',17831750,8872958,8958792,8913306,4365325,4547981,2013224,960502,1052722,6106016,3154283,2951733,799204,392848,406356
2008,--,Texas,'21+',16709525,8294129,8415396,8457664,4131514,4326150,1860910,882792,978118,5634404,2908793,2725611,756547,371030,385517
2008,--,Texas,'65+',2405170,1046800,1358370,1652091,725850,926241,207327,83972,123355,468044,201742,266302,77708,35236,42472
2008,--,Texas,'ALL',24326974,12189967,12137007,11342864,5608214,5734650,2823460,1373024,1450436,9116768,4691355,4425413,1043882,517374,526508
2009,--,Texas,' 00',399134,203462,195672,132640,67745,64895,44507,22622,21885,205976,104894,101082,16011,8201,7810
2009,--,Texas,' 01',395427,201541,193886,132201,67375,64826,43595,22214,21381,204628,104301,100327,15003,7651,7352
2009,--,Texas,' 02',389619,198585,191034,132871,67714,65157,43402,22123,21279,198593,101225,97368,14753,7523,7230
2009,--,Texas,' 03',384247,195836,188411,133665,68116,65549,43295,22055,21240,192773,98263,94510,14514,7402,7112
2009,--,Texas,' 04',379774,193588,186186,134672,68630,66042,43400,22128,21272,187332,95508,91824,14370,7322,7048
2009,--,Texas,' 05',373444,190348,183096,135117,68838,66279,43140,22003,21137,181035,92304,88731,14152,7203,6949
2009,--,Texas,' 06',366860,186952,179908,135428,68996,66432,42758,21805,20953,174732,89070,85662,13942,7081,6861
2009,--,Texas,' 07',361043,184035,177008,135907,69250,66657,42448,21658,20790,168934,86130,82804,13754,6997,6757
2009,--,Texas,' 08',355702,181298,174404,136547,69571,66976,42167,21492,20675,163501,83364,80137,13487,6871,6616
2009,--,Texas,' 09',337738,172513,165225,129268,66295,62973,42703,21679,21024,153596,78305,75291,12171,6234,5937
2009,--,Texas,' 10',332471,169902,162569,127669,65446,62223,43594,22222,21372,149115,76149,72966,12093,6085,6008
2009,--,Texas,' 11',333977,170982,162995,127500,65538,61962,44269,22510,21759,149412,76544,72868,12796,6390,6406
2009,--,Texas,' 12',339486,173572,165914,129441,66418,63023,44644,22580,22064,151815,77754,74061,13586,6820,6766
2009,--,Texas,' 13',347585,177830,169755,132337,67819,64518,45787,23372,22415,155494,79544,75950,13967,7095,6872
2009,--,Texas,' 14',352562,180358,172204,133752,68539,65213,46841,23923,22918,157875,80715,77160,14094,7181,6913
2009,--,Texas,' 15',360660,184271,176389,136318,69911,66407,48730,24802,23928,161169,82208,78961,14443,7350,7093
2009,--,Texas,' 16',370329,189422,180907,139755,71665,68090,50989,25938,25051,164957,84359,80598,14628,7460,7168
2009,--,Texas,' 17',377378,193679,183699,143998,74006,69992,51737,26359,25378,167004,85803,81201,14639,7511,7128
2009,--,Texas,' 18',386334,198556,187778,150392,77022,73370,52996,27000,25996,168178,86946,81232,14768,7588,7180
2009,--,Texas,' 19',388228,200202,188026,154553,79275,75278,52883,26993,25890,165820,86226,79594,14972,7708,7264
2009,--,Texas,' 20',375825,194466,181359,149215,76683,72532,50606,25877,24729,161095,84298,76797,14909,7608,7301
2009,--,Texas,' 21',372525,193072,179453,147990,75967,72023,49098,24792,24306,160858,84885,75973,14579,7428,7151
2009,--,Texas,'0-4',1948201,993012,955189,666049,339580,326469,218199,111142,107057,989302,504191,485111,74651,38099,36552
2009,--,Texas,'5-9',1794787,915146,879641,672267,342950,329317,213216,108637,104579,841798,429173,412625,67506,34386,33120
2009,--,Texas,'10-14',1706081,872644,833437,650699,333760,316939,225135,114607,110528,763711,390706,373005,66536,33571,32965
2009,--,Texas,'15-19',1882929,966130,916799,725016,371879,353137,257335,131092,126243,827128,425542,401586,73450,37617,35833
2009,--,Texas,'20-24',1868928,971236,897692,740779,379671,361108,241732,122472,119260,813401,431740,381661,73016,37353,35663
2009,--,Texas,'25-29',1932117,1017373,914744,737195,375136,362059,224264,112465,111799,892547,489441,403106,78111,40331,37780
2009,--,Texas,'30-34',1822033,945730,876303,678616,339947,338669,193216,93369,99847,862168,467306,394862,88033,45108,42925
2009,--,Texas,'35-39',1836619,933851,902768,746792,376493,370299,207510,98536,108974,774903,405262,369641,107414,53560,53854
2009,--,Texas,'40-44',1698991,859933,839058,759712,382642,377070,204909,97893,107016,636360,330519,305841,98010,48879,49131
2009,--,Texas,'45-49',1752241,878183,874058,899440,448037,451403,213305,102226,111079,549515,283662,265853,89981,44258,45723
2009,--,Texas,'50-54',1615533,803275,812258,905689,450664,455025,193335,93360,99975,438399,222133,216266,78110,37118,40992
2009,--,Texas,'55-59',1357972,664302,693670,803533,396304,407229,152004,71872,80132,336235,165217,171018,66200,30909,35291
2009,--,Texas,'60-64',1092081,528126,563955,687130,336601,350529,106266,49133,57133,249109,119225,129884,49576,23167,26409
2009,--,Texas,'65-69',791781,376168,415613,518784,250151,268633,72342,32548,39794,166961,77144,89817,33694,16325,17369
2009,--,Texas,'70-74',594073,273129,320944,392791,183769,209022,53096,22856,30240,124911,55529,69382,23275,10975,12300
2009,--,Texas,'75-79',458871,200604,258267,314898,140690,174208,38622,15253,23369,90489,38215,52274,14862,6446,8416
2009,--,Texas,'80-84',331805,132915,198890,238500,97327,141173,25157,8847,16310,60079,23553,36526,8069,3188,4881
2009,--,Texas,'85+',297259,99304,197955,224555,74365,150190,22667,6741,15926,44081,16026,28055,5956,2172,3784
2009,--,Texas,'15-44',11041617,5694253,5347364,4388110,2225768,2162342,1328966,655827,673139,4806507,2549810,2256697,518034,262848,255186
2009,--,Texas,'15-49',12793858,6572436,6221422,5287550,2673805,2613745,1542271,758053,784218,5356022,2833472,2522550,608015,307106,300909
2009,--,Texas,'18+',18224866,9082887,9141979,8953359,4388094,4565265,2054304,981564,1072740,6373156,3298144,3075012,844047,415085,428962
2009,--,Texas,'21+',17074479,8489663,8584816,8499199,4155114,4344085,1897819,901694,996125,5878063,3040674,2837389,799398,392181,407217
2009,--,Texas,'65+',2473789,1082120,1391669,1689528,746302,943226,211884,86245,125639,486521,210467,276054,85856,39106,46750
2009,--,Texas,'ALL',24782302,12431061,12351241,11362445,5619966,5742479,2862310,1393049,1469261,9461097,4874584,4586513,1096450,543462,552988
2010,--,Texas,' 00',379846,193489,186357,124126,63866,60260,45712,23073,22639,194215,98489,95726,15793,8061,7732
2010,--,Texas,' 01',381345,194442,186903,125365,64095,61270,46464,23532,22932,193805,98784,95021,15711,8031,7680
2010,--,Texas,' 02',390119,199274,190845,128040,65671,62369,47614,24256,23358,197746,100851,96895,16719,8496,8223
2010,--,Texas,' 03',390262,199391,190871,129052,66221,62831,47817,24536,23281,197114,100382,96732,16279,8252,8027
2010,--,Texas,' 04',386901,197553,189348,129101,66497,62604,47384,23869,23515,193791,98751,95040,16625,8436,8189
2010,--,Texas,' 05',387454,197737,189717,130228,66639,63589,47048,23763,23285,193356,98782,94574,16822,8553,8269
2010,--,Texas,' 06',385858,196739,189119,131504,67378,64126,46959,23793,23166,190348,96980,93368,17047,8588,8459
2010,--,Texas,' 07',383648,195275,188373,132122,67638,64484,46757,23733,23024,188121,95522,92599,16648,8382,8266
2010,--,Texas,' 08',382494,195598,186896,132180,67821,64359,47349,24212,23137,186922,95413,91509,16043,8152,7891
2010,--,Texas,' 09',388780,198465,190315,135598,69651,65947,48041,24613,23428,188375,95651,92724,16766,8550,8216
2010,--,Texas,' 10',387307,198055,189252,136893,70384,66509,48985,24961,24024,185587,94678,90909,15842,8032,7810
2010,--,Texas,' 11',377604,193118,184486,135903,69728,66175,47780,24455,23325,178941,91318,87623,14980,7617,7363
2010,--,Texas,' 12',373651,191498,182153,135140,69699,65441,47954,24529,23425,175314,89557,85757,15243,7713,7530
2010,--,Texas,' 13',372194,190088,182106,136734,70125,66609,47900,24344,23556,172295,87981,84314,15265,7638,7627
2010,--,Texas,' 14',371127,190107,181020,136929,70213,66716,47964,24639,23325,171245,87551,83694,14989,7704,7285
2010,--,Texas,' 15',371716,190560,181156,137584,70644,66940,49594,25309,24285,169963,87137,82826,14575,7470,7105
2010,--,Texas,' 16',376128,193381,182747,139935,71866,68069,50964,26197,24767,170199,87612,82587,15030,7706,7324
2010,--,Texas,' 17',379390,195479,183911,141652,73023,68629,52572,26982,25590,170440,87839,82601,14726,7635,7091
2010,--,Texas,' 18',380018,196100,183918,143482,74083,69399,51850,26552,25298,169848,87742,82106,14838,7723,7115
2010,--,Texas,' 19',375872,193166,182706,144139,73994,70145,51564,25926,25638,165243,85492,79751,14926,7754,7172
2010,--,Texas,' 20',369040,189570,179470,143480,73253,70227,49709,24850,24859,160475,83497,76978,15376,7970,7406
2010,--,Texas,' 21',359015,184652,174363,141706,72012,69694,47161,23592,23569,154073,80617,73456,16075,8431,7644
2010,--,Texas,'0-4',1928473,984149,944324,635684,326350,309334,234991,119266,115725,976671,497257,479414,81127,41276,39851
2010,--,Texas,'5-9',1928234,983814,944420,661632,339127,322505,236154,120114,116040,947122,482348,464774,83326,42225,41101
2010,--,Texas,'10-14',1881883,962866,919017,681599,350149,331450,240583,122928,117655,883382,451085,432297,76319,38704,37615
2010,--,Texas,'15-19',1883124,968686,914438,706792,363610,343182,256544,130966,125578,845693,435822,409871,74095,38288,35807
2010,--,Texas,'20-24',1817079,932353,884726,724883,367079,357804,232957,115468,117489,777277,407578,369699,81962,42228,39734
2010,--,Texas,'25-29',1853039,938966,914073,758482,382401,376081,225517,109431,116086,774001,401096,372905,95039,46038,49001
2010,--,Texas,'30-34',1760434,882887,877547,707026,356299,350727,216163,102848,113315,740483,377887,362596,96762,45853,50909
2010,--,Texas,'35-39',1763587,876139,887448,735978,370100,365878,216190,102821,113369,707234,353360,353874,104185,49858,54327
2010,--,Texas,'40-44',1694795,846865,847930,770931,387971,382960,210462,101048,109414,622717,313619,309098,90685,44227,46458
2010,--,Texas,'45-49',1760467,874863,885604,900673,448854,451819,220699,105258,115441,558032,281238,276794,81063,39513,41550
2010,--,Texas,'50-54',1674869,827933,846936,932707,464041,468666,206182,98881,107301,464956,231468,233488,71024,33543,37481
2010,--,Texas,'55-59',1422924,691275,731649,841364,413780,427584,163854,76437,87417,358040,173600,184440,59666,27458,32208
2010,--,Texas,'60-64',1174767,565820,608947,736370,360644,375726,119090,54633,64457,272392,128966,143426,46915,21577,25338
2010,--,Texas,'65-69',853100,403269,449831,559218,269620,289598,78526,34509,44017,184398,84459,99939,30958,14681,16277
2010,--,Texas,'70-74',619156,283865,335291,410831,192688,218143,54514,22920,31594,133177,58646,74531,20634,9611,11023
2010,--,Texas,'75-79',477245,208530,268715,326529,146062,180467,40278,15785,24493,97683,41079,56604,12755,5604,7151
2010,--,Texas,'80-84',347206,139029,208177,245515,100289,145226,26794,9255,17539,67477,26465,41012,7420,3020,4400
2010,--,Texas,'85+',305179,100971,204208,226468,74656,151812,23651,6731,16920,50186,17780,32406,4874,1804,3070
2010,--,Texas,'15-44',10772058,5445896,5326162,4404092,2227460,2176632,1357833,662582,695251,4467405,2289362,2178043,542728,266492,276236
2010,--,Texas,'15-49',12532525,6320759,6211766,5304765,2676314,2628451,1578532,767840,810692,5025437,2570600,2454837,623791,306005,317786
2010,--,Texas,'18+',18279737,8962031,9317706,9164596,4482561,4682035,2138291,1008503,1129788,6143144,3070475,3072669,833706,400492,433214
2010,--,Texas,'21+',17154807,8383195,8771612,8733495,4261231,4472264,1985168,931175,1053993,5647578,2813744,2833834,788566,377045,411521
2010,--,Texas,'65+',2601886,1135664,1466222,1768561,783315,985246,223763,89200,134563,532921,228429,304492,76641,34720,41921
2010,--,Texas,'ALL',25145561,12472280,12673281,11562682,5713720,5848962,3003149,1449299,1553850,9460921,4763753,4697168,1118809,545508,573301
2011,--,Texas,' 00',392551,200147,192404,131443,67173,64270,42716,21712,21004,194741,99249,95492,23651,12013,11638
2011,--,Texas,' 01',384761,196057,188704,122952,63124,59828,42648,21565,21083,195294,99180,96114,23867,12188,11679
2011,--,Texas,' 02',382144,194831,187313,119817,61378,58439,42528,21516,21012,194083,98804,95279,25716,13133,12583
2011,--,Texas,' 03',389330,198782,190548,122242,62633,59609,43634,22173,21461,196944,100418,96526,26510,13558,12952
2011,--,Texas,' 04',391798,200153,191645,123877,63558,60319,44270,22660,21610,197490,100597,96893,26161,13338,12823
2011,--,Texas,' 05',389749,199047,190702,124416,64057,60359,44232,22366,21866,195100,99414,95686,26001,13210,12791
2011,--,Texas,' 06',389703,198951,190752,125449,64363,61086,44026,22236,21790,194172,99165,95007,26056,13187,12869
2011,--,Texas,' 07',388932,198371,190561,126942,65057,61885,44054,22312,21742,192032,97919,94113,25904,13083,12821
2011,--,Texas,' 08',387478,197385,190093,127910,65561,62349,44128,22421,21707,190126,96679,93447,25314,12724,12590
2011,--,Texas,' 09',387022,197758,189264,128325,65845,62480,44745,22865,21880,189493,96660,92833,24459,12388,12071
2011,--,Texas,' 10',393479,201120,192359,131002,67306,63696,45904,23546,22358,192052,97822,94230,24521,12446,12075
2011,--,Texas,' 11',394088,201663,192425,132769,68283,64486,46811,23913,22898,190784,97412,93372,23724,12055,11669
2011,--,Texas,' 12',386318,197801,188517,132441,68035,64406,46148,23651,22497,185060,94597,90463,22669,11518,11151
2011,--,Texas,' 13',380730,195176,185554,131740,67889,63851,46072,23614,22458,180489,92319,88170,22429,11354,11075
2011,--,Texas,' 14',378151,193491,184660,132705,68186,64519,46076,23483,22593,177135,90617,86518,22235,11205,11030
2011,--,Texas,' 15',376996,193201,183795,133324,68431,64893,46261,23766,22495,175608,89940,85668,21803,11064,10739
2011,--,Texas,' 16',377486,193812,183674,134023,68838,65185,47596,24383,23213,174492,89673,84819,21375,10918,10457
2011,--,Texas,' 17',381461,196407,185054,136335,70104,66231,49232,25323,23909,174478,90020,84458,21416,10960,10456
2011,--,Texas,' 18',388135,200027,188108,139987,71965,68022,51293,26380,24913,175566,90769,84797,21289,10913,10376
2011,--,Texas,' 19',392284,202686,189598,143972,74415,69557,51333,26336,24997,175776,91051,84725,21203,10884,10319
2011,--,Texas,' 20',381724,196722,185002,141072,72556,68516,49888,25214,24674,170047,88328,81719,20717,10624,10093
2011,--,Texas,' 21',375422,193447,181975,140590,72049,68541,48393,24221,24172,165577,86493,79084,20862,10684,10178
2011,--,Texas,'0-4',1940584,989970,950614,620331,317866,302465,215796,109626,106170,978552,498248,480304,125905,64230,61675
2011,--,Texas,'5-9',1942884,991512,951372,633042,324883,308159,221185,112200,108985,960923,489837,471086,127734,64592,63142
2011,--,Texas,'10-14',1932766,989251,943515,660657,339699,320958,231011,118207,112804,925520,472767,452753,115578,58578,57000
2011,--,Texas,'15-19',1916362,986133,930229,687641,353753,333888,245715,126188,119527,875920,451453,424467,107086,54739,52347
2011,--,Texas,'20-24',1848696,952750,895946,699977,356959,343018,231740,115755,115985,811521,426227,385294,105458,53809,51649
2011,--,Texas,'25-29',1866487,949318,917169,741122,373456,367666,216523,105856,110667,790980,412204,378776,117862,57802,60060
2011,--,Texas,'30-34',1818294,912113,906181,717470,361770,355700,216773,103337,113436,765517,391110,374407,118534,55896,62638
2011,--,Texas,'35-39',1753014,870401,882613,694396,349616,344780,207096,98044,109052,728003,364107,363896,123519,58634,64885
2011,--,Texas,'40-44',1751029,871764,879265,774234,390137,384097,210325,100741,109584,653726,326521,327205,112744,54365,58379
2011,--,Texas,'45-49',1739395,865179,874216,847300,422701,424599,214911,102615,112296,579282,292057,287225,97902,47806,50096
2011,--,Texas,'50-54',1714871,847735,867136,928582,462012,466570,207491,99255,108236,492091,245285,246806,86707,41183,45524
2011,--,Texas,'55-59',1490820,725492,765328,861435,423822,437613,170415,79942,90473,385038,187104,197934,73932,34624,39308
2011,--,Texas,'60-64',1245624,598685,646939,763298,372726,390572,128325,58693,69632,294431,139900,154531,59570,27366,32204
2011,--,Texas,'65-69',902404,427692,474712,579095,280011,299084,81651,35989,45662,202128,93007,109121,39530,18685,20845
2011,--,Texas,'70-74',649704,299018,350686,426202,200401,225801,56310,23744,32566,140780,62432,78348,26412,12441,13971
2011,--,Texas,'75-79',488678,214258,274420,328435,147679,180756,40769,15951,24818,102931,43271,59660,16543,7357,9186
2011,--,Texas,'80-84',355208,144388,210820,247224,102732,144492,26853,9445,17408,71086,28114,42972,10045,4097,5948
2011,--,Texas,'85+',317861,106533,211328,231862,77604,154258,23904,6797,17107,54933,19524,35409,7162,2608,4554
2011,--,Texas,'15-44',10953882,5542479,5411403,4314840,2185691,2129149,1328172,649921,678251,4625667,2371622,2254045,685203,335245,349958
2011,--,Texas,'15-49',12693277,6407658,6285619,5162140,2608392,2553748,1543083,752536,790547,5204949,2663679,2541270,783105,383051,400054
2011,--,Texas,'18+',18722504,9188039,9534465,9124591,4468006,4656585,2135712,1008880,1126832,6423789,3212683,3211106,1038412,498470,539942
2011,--,Texas,'21+',17560361,8588604,8971757,8699560,4249070,4450490,1983198,930950,1052248,5902400,2942535,2959865,975203,466049,509154
2011,--,Texas,'65+',2713855,1191889,1521966,1812818,808427,1004391,229487,91926,137561,571858,246348,325510,99692,45188,54504
2011,--,Texas,'ALL',25674681,12742192,12932489,11442303,5657827,5784476,2946793,1422385,1524408,9813362,4943168,4870194,1472223,718812,753411
2012,--,Texas,' 00',380034,194158,185876,131981,67584,64397,42215,21457,20758,182585,93108,89477,23253,12009,11244
2012,--,Texas,' 01',394870,201322,193548,132437,67677,64760,42926,21821,21105,195683,99724,95959,23824,12100,11724
2012,--,Texas,' 02',387106,197251,189855,123896,63604,60292,42864,21670,21194,196303,99698,96605,24043,12279,11764
2012,--,Texas,' 03',384538,196057,188481,120769,61868,58901,42761,21635,21126,195091,99316,95775,25917,13238,12679
2012,--,Texas,' 04',391789,200018,191771,123217,63120,60097,43872,22284,21588,197984,100949,97035,26716,13665,13051
2012,--,Texas,' 05',394308,201428,192880,124883,64071,60812,44520,22787,21733,198538,101121,97417,26367,13449,12918
2012,--,Texas,' 06',392274,200322,191952,125426,64568,60858,44494,22494,22000,196157,99949,96208,26197,13311,12886
2012,--,Texas,' 07',392236,200221,192015,126472,64879,61593,44280,22361,21919,195217,99688,95529,26267,13293,12974
2012,--,Texas,' 08',391472,199649,191823,127983,65583,62400,44313,22446,21867,193056,98435,94621,26120,13185,12935
2012,--,Texas,' 09',390040,198695,191345,128977,66108,62869,44398,22565,21833,191154,97198,93956,25511,12824,12687
2012,--,Texas,' 10',389565,199058,190507,129394,66394,63000,45009,22999,22010,190508,97184,93324,24654,12481,12173
2012,--,Texas,' 11',396054,202437,193617,132097,67872,64225,46187,23691,22496,193048,98332,94716,24722,12542,12180
2012,--,Texas,' 12',396686,203000,193686,133870,68850,65020,47099,24063,23036,191798,97931,93867,23919,12156,11763
2012,--,Texas,' 13',388862,199095,189767,133549,68602,64947,46429,23791,22638,186033,95092,90941,22851,11610,11241
2012,--,Texas,' 14',383220,196432,186788,132824,68446,64378,46353,23756,22597,181430,92784,88646,22613,11446,11167
2012,--,Texas,' 15',380618,194739,185879,133790,68742,65048,46353,23631,22722,178060,91075,86985,22415,11291,11124
2012,--,Texas,' 16',379844,194662,185182,134559,69067,65492,46580,23941,22639,176556,90421,86135,22149,11233,10916
2012,--,Texas,' 17',382836,196796,186040,136516,70277,66239,48383,24832,23551,175985,90468,85517,21952,11219,10733
2012,--,Texas,' 18',400045,204955,195090,146285,74445,71840,52033,26621,25412,178873,92179,86694,22854,11710,11144
2012,--,Texas,' 19',419722,216439,203283,158516,81716,76800,54893,28217,26676,183202,94662,88540,23111,11844,11267
2012,--,Texas,' 20',394592,204233,190359,146446,75643,70803,51354,26505,24849,175478,91103,84375,21314,10982,10332
2012,--,Texas,' 21',383400,198550,184850,142198,73742,68456,49592,25187,24405,170678,88891,81787,20932,10730,10202
2012,--,Texas,'0-4',1938337,988806,949531,632300,323853,308447,214638,108867,105771,967646,492795,474851,123753,63291,60462
2012,--,Texas,'5-9',1960330,1000315,960015,633741,325209,308532,222005,112653,109352,974122,496391,477731,130462,66062,64400
2012,--,Texas,'10-14',1954387,1000022,954365,661734,340164,321570,231077,118300,112777,942817,481323,461494,118759,60235,58524
2012,--,Texas,'15-19',1963065,1007591,955474,709666,364247,345419,248242,127242,121000,892676,458805,433871,112481,57297,55184
2012,--,Texas,'20-24',1864635,964982,899653,693912,357058,336854,237975,120390,117585,828164,433840,394324,104584,53694,50890
2012,--,Texas,'25-29',1852018,944225,907793,729311,366929,362382,216296,106038,110258,791677,414447,377230,114734,56811,57923
2012,--,Texas,'30-34',1849154,928091,921063,731695,368222,363473,219480,104945,114535,778544,398733,379811,119435,56191,63244
2012,--,Texas,'35-39',1752045,871308,880737,686859,345536,341323,205826,97354,108472,736452,370062,366390,122908,58356,64552
2012,--,Texas,'40-44',1787162,887735,899427,778631,392069,386562,213144,101799,111345,676880,337006,339874,118507,56861,61646
2012,--,Texas,'45-49',1724436,858109,866327,818106,408939,409167,213109,101747,111362,593287,298621,294666,99934,48802,51132
2012,--,Texas,'50-54',1739009,859845,879164,928460,461512,466948,210043,100242,109801,511476,255580,255896,89030,42511,46519
2012,--,Texas,'55-59',1545035,752505,792530,881939,433948,447991,178223,83804,94419,407353,198328,209025,77520,36425,41095
2012,--,Texas,'60-64',1274123,611254,662869,768749,374505,394244,135159,61521,73638,307709,146580,161129,62506,28648,33858
2012,--,Texas,'65-69',974933,462517,512416,624430,302038,322392,87961,38918,49043,219229,101305,117924,43313,20256,23057
2012,--,Texas,'70-74',683494,315544,367950,448345,211366,236979,59132,25103,34029,147424,65551,81873,28593,13524,15069
2012,--,Texas,'75-79',501511,220751,280760,334136,150825,183311,41938,16479,25459,107331,45285,62046,18106,8162,9944
2012,--,Texas,'80-84',362123,148611,213512,250173,105135,145038,27570,9787,17783,73556,29228,44328,10824,4461,6363
2012,--,Texas,'85+',333406,113845,219561,240336,82044,158292,24935,7229,17706,60014,21593,38421,8121,2979,5142
2012,--,Texas,'15-44',11068079,5603932,5464147,4330074,2194061,2136013,1340963,657768,683195,4704393,2412893,2291500,692649,339210,353439
2012,--,Texas,'15-49',12792515,6462041,6330474,5148180,2603000,2545180,1554072,759515,794557,5297680,2711514,2586166,792583,388012,404571
2012,--,Texas,'18+',19062851,9360716,9702135,9219883,4516287,4703596,2177717,1030194,1147523,6601171,3303000,3298171,1064080,511235,552845
2012,--,Texas,'21+',17848492,8735089,9113403,8768636,4284483,4484153,2019437,948851,1070586,6063618,3025056,3038562,996801,476699,520102
2012,--,Texas,'65+',2855467,1261268,1594199,1897420,851408,1046012,241536,97516,144020,607554,262962,344592,108957,49382,59575
2012,--,Texas,'ALL',26059203,12936056,13123147,11552523,5713599,5838924,2986753,1442418,1544335,10016357,5045473,4970884,1503570,734566,769004
2013,--,Texas,' 00',397473,202827,194646,130182,66449,63733,43540,22224,21316,195051,99449,95602,28700,14705,13995
2013,--,Texas,' 01',390390,199022,191368,130208,66389,63819,43138,21974,21164,194676,99248,95428,22368,11411,10957
2013,--,Texas,' 02',385038,196338,188700,130631,66613,64018,42702,21748,20954,189370,96569,92801,22335,11408,10927
2013,--,Texas,' 03',380392,193855,186537,121188,62230,58958,42031,21230,20801,191539,97286,94253,25634,13109,12525
2013,--,Texas,' 04',381352,194449,186903,119081,61004,58077,42579,21538,21041,192485,97996,94489,27207,13911,13296
2013,--,Texas,' 05',389350,198844,190506,121563,62302,59261,43779,22237,21542,195623,99784,95839,28385,14521,13864
2013,--,Texas,' 06',392664,200658,192006,123281,63268,60013,44387,22701,21686,196627,100226,96401,28369,14463,13906
2013,--,Texas,' 07',391046,199751,191295,123894,63793,60101,44181,22344,21837,194748,99294,95454,28223,14320,13903
2013,--,Texas,' 08',391560,199974,191586,125033,64153,60880,43933,22212,21721,194558,99439,95119,28036,14170,13866
2013,--,Texas,' 09',391971,200072,191899,126613,64901,61712,43964,22305,21659,193721,98897,94824,27673,13969,13704
2013,--,Texas,' 10',393762,200913,192849,127680,65459,62221,44747,22805,21942,194498,99152,95346,26837,13497,13340
2013,--,Texas,' 11',396506,203061,193445,128026,65708,62318,46169,23660,22509,196473,100597,95876,25838,13096,12742
2013,--,Texas,' 12',403777,206912,196865,130544,67105,63439,47694,24522,23172,199636,102075,97561,25903,13210,12693
2013,--,Texas,' 13',403954,207134,196820,132222,68031,64191,48599,24883,23716,198046,101436,96610,25087,12784,12303
2013,--,Texas,' 14',395338,202810,192528,131655,67655,64000,47776,24530,23246,191873,98397,93476,24034,12228,11806
2013,--,Texas,' 15',389186,199949,189237,130712,67382,63330,47627,24442,23185,187095,96068,91027,23752,12057,11695
2013,--,Texas,' 16',386945,198551,188394,131671,67665,64006,47663,24344,23319,183887,94556,89331,23724,11986,11738
2013,--,Texas,' 17',386495,198882,187613,132552,68116,64436,47938,24707,23231,182567,94117,88450,23438,11942,11496
2013,--,Texas,' 18',389940,200762,189178,134833,69078,65755,49644,25490,24154,182308,94318,87990,23155,11876,11279
2013,--,Texas,' 19',396196,204805,191391,138677,71328,67349,51193,26378,24815,183034,95125,87909,23292,11974,11318
2013,--,Texas,' 20',392017,203058,188959,136579,70347,66232,51530,26522,25008,181283,94546,86737,22625,11643,10982
2013,--,Texas,' 21',392552,203715,188837,138148,71446,66702,50957,26044,24913,180874,94615,86259,22573,11610,10963
2013,--,Texas,'0-4',1934645,986491,948154,631290,322685,308605,213990,108714,105276,963121,490548,472573,126244,64544,61700
2013,--,Texas,'5-9',1956591,999299,957292,620384,318417,301967,220244,111799,108445,975277,497640,477637,140686,71443,69243
2013,--,Texas,'10-14',1993337,1020830,972507,650127,333958,316169,234985,120400,114585,980526,501657,478869,127699,64815,62884
2013,--,Texas,'15-19',1948762,1002949,945813,668445,343569,324876,244065,125361,118704,918891,474184,444707,117361,59835,57526
2013,--,Texas,'20-24',1926551,998464,928087,687190,352927,334263,246853,124831,122022,879125,462362,416763,113383,58344,55039
2013,--,Texas,'25-29',1882406,965812,916594,718511,362698,355813,216618,106789,109829,824652,434936,389716,122625,61389,61236
2013,--,Texas,'30-34',1908159,958446,949713,741744,374335,367409,224684,107462,117222,810272,414327,395945,131459,62322,69137
2013,--,Texas,'35-39',1773223,881196,892027,681201,342709,338492,210317,99145,111172,751615,378109,373506,130090,61233,68857
2013,--,Texas,'40-44',1807654,894360,913294,758563,381884,376679,217866,103693,114173,703308,347996,355312,127917,60787,67130
2013,--,Texas,'45-49',1702057,846759,855298,776517,389401,387116,212807,101952,110855,608156,304657,303499,104577,50749,53828
2013,--,Texas,'50-54',1747285,863930,883355,907281,450694,456587,214241,102514,111727,531580,265601,265979,94183,45121,49062
2013,--,Texas,'55-59',1585786,774139,811647,888080,437955,450125,187952,88773,99179,428429,209095,219334,81325,38316,43009
2013,--,Texas,'60-64',1303000,625486,677514,771680,376157,395523,143025,65362,77663,322302,153765,168537,65993,30202,35791
2013,--,Texas,'65-69',1029942,489542,540400,649895,314792,335103,96317,42933,53384,236238,109717,126521,47492,22100,25392
2013,--,Texas,'70-74',720996,334062,386934,470327,222529,247798,63149,26963,36186,156218,69759,86459,31302,14811,16491
2013,--,Texas,'75-79',515937,228181,287756,340974,154534,186440,42998,17009,25989,112263,47596,64667,19702,9042,10660
2013,--,Texas,'80-84',368596,152186,216410,252501,106810,145691,28739,10298,18441,75607,30186,45421,11749,4892,6857
2013,--,Texas,'85+',343266,118216,225050,245996,85010,160986,25334,7306,18028,62833,22557,40276,9103,3343,5760
2013,--,Texas,'15-44',11246755,5701227,5545528,4255654,2158122,2097532,1360403,667281,693122,4887863,2511914,2375949,742835,363910,378925
2013,--,Texas,'15-49',12948812,6547986,6400826,5032171,2547523,2484648,1573210,769233,803977,5496019,2816571,2679448,847412,414659,432753
2013,--,Texas,'18+',19400994,9536346,9864648,9163970,4492841,4671129,2231737,1056898,1174839,6867940,3440106,3427834,1137347,546501,590846
2013,--,Texas,'21+',18222841,8927721,9295120,8753881,4282088,4471793,2079370,978508,1100862,6321315,3156117,3165198,1068275,511008,557267
2013,--,Texas,'65+',2978737,1322187,1656550,1959693,883675,1076018,256537,104509,152028,643159,279815,363344,119348,54188,65160
2013,--,Texas,'ALL',26448193,13140348,13307845,11460706,5671064,5789642,3044184,1471304,1572880,10340413,5214692,5125721,1602890,783288,819602
